172723991
172562833
172561873
172560881
172559490
172558633
172557934
172556987
172555912
172555184
172554185
172553020
172491966
172491755
172491400
172491104
172490819
172490660
172490405
172489644
172489362
172384837
172256590
172186792
171920317
171920164
171920034
171919833
171919559
171919307
171919062
171903590
171903099
171902182
171867886
171867596
171847631
171846738
171845443
171845163
171843555
171838554
171837170
171835881
171835027
171833053
171695803
171661559
171642659
171641049
171640515
171639954
171631495
171614282
171614201
171613494
171613360
171613009
171612820
171612661
171612531
171612210
171612170
171611987
171611919
171611706
171609041
171608827
171608655
171608495
171608099
171607733
171607482
171604006
171603548
171602958
171602788
171602582
171602469
171602021
171601769
171601670
171600876
171600237
171599838
171599736
171599005
171598164
171597963
171597745
171597369
171596931
171596761
171596416
171596067
171595636
171595052
171594649
171594461
171594352
171594008
171593269
171592730
171592652
171592334
171592106
171592065
171592001
171591761
171591240
171591140
171529485
171474611
171357608
171329671
171329431
171329132
171312533
171311812
171310798
171306464
171268665
171268600
171267985
171267855
171265072
171262738
171262484
171260552
171258627
171185967
171182570
171158261
171157763
171144820
171089432
171047057
170948713
170657877
170655819
170641078
170639567
170639134
170619091
170618013
170617000
170611801
170611225
170610065
170609212
170608374
170607927
170607401
170607020
170605733
170605338
170604762
170604624
170603312
170602656
170602439
170602088
170601604
170601339
170599604
170598881
170596145
170594960
170471700
170471206
170469432
170469346
170469189
170469150
170468652
170468090
170464652
170458134
170449056
170448872
170448582
170448277
170447369
170447012
170444551
170347391
170346044
170344503
170254456
170231120
170202484
170201918
170201083
170200657
170200272
170199869
170199558
170199024
170198482
170198177
170197756
170187457
170020975
170020922
170020870
170020830
170020784
170020728
170020663
170019750
170019678
170019570
170019457
170019375
170019169
170018857
169999902
169995254
169987135
169985345
169788194
169787770
169787622
169787407
169787012
169786671
169786438
169775576
169774708
169773770
169771921
169765049
169748470
169747457
169746665
169746623
169746569
169746502
169746437
169746395
169746331
169746156
169744467
169743765
169743640
169743519
169742458
169701872
169700028
169698761
169698092
169697134
169659894
169659017
169658341
169658020
169652030
169643025
169642709
169642627
169642488
169641735
169641292
169630286
169629841
169629249
169627513
169626923
169626685
169610342
169503354
169422740
169299204
169211850
169211378
169211197
169210991
169210776
169210714
169210611
169210548
169210475
169209627
169105022
169104743
169104489
