165503896
165503643
165503262
165502573
165502390
165502186
165501931
165501703
165501469
165501238
165501019
165500816
165500594
165500350
165500015
165499547
165499392
165499091
165498625
165498862
165498263
165498039
165497741
165497499
165497299
165496550
165496306
165496105
165495840
165495223
165494393
165494048
165493107
165492743
165489989
165489727
165489535
165489192
165488869
165488484
165488237
165487860
165487577
165486844
165486565
165485157
165484892
165484600
165484206
165482640
