220734187
220733856
220733707
220732969
220731753
220640102
220464050
220451142
220442972
220419462
220417683
220401182
220400422
220349289
220348779
220348291
220347330
220199598
220198286
220026130
219837126
219812896
219793177
219765996
219295116
219104473
219075812
219075724
218935659
218702190
218629462
218606504
218495155
218448392
218446653
218445421
218445153
218444573
218443751
218443081
218442040
218441516
218441092
218440717
218439957
218438207
217926284
217898600
217708148
217427433
217023634
217009114
216901023
216877942
216766199
216741137
216642077
216641257
216449282
216307185
216247176
216214650
216112100
216061450
216058608
215925355
215917653
215280359
215270827
214107279
214100244
213998931
213759963
213648106
213573192
213572291
213552416
213409811
213215577
212726627
212709782
212535858
212479578
212341232
212320117
211912488
211911904
211813922
211767692
211767608
211767500
211713691
211310087
211240818
211239821
211238281
211142787
210630574
210554955
210116412
210108526
210023081
209522773
209419324
209418551
209357030
209356861
209356508
209355942
209319878
209313164
209193201
208959492
208959057
208785490
208778377
208650932
208388274
208306573
208211817
208168619
208135311
208134761
208131488
208009179
207958507
207948698
207549432
207503426
207383061
207221619
207006815
206806826
206701469
206237354
206151388
206146661
206059191
205665342
205650328
205640824
205605213
205513567
205327057
205322155
205000740
204683573
204251823
204248751
204248013
204211427
204144082
204143909
204143750
204126354
204105994
203981118
203980383
203964520
203744844
203548116
203410078
203319990
203153285
202952026
202832009
202804916
202727073
202706819
202703930
202702971
202633992
202109418
201309040
201100185
200955002
200942859
200780364
200366819
200131464
200131141
200130899
199632853
199606487
199605226
198907230
198791549
198450767
198122663
197995939
197973567
197639419
197519927
197380010
197379440
197345735
196888611
196769560
196750919
196747371
196341111
196313975
196293577
196292653
196193547
196001668
196000364
195897773
195881860
195712363
195708514
195705232
195691939
195352391
195204867
195043106
194923437
194839401
194782259
194534682
194427478
194281908
194015035
193941486
193332924
193095651
192989327
192985030
192903925
192896670
192896371
192890981
192420575
192341692
192334071
192173557
192117531
191665042
191634836
191598725
191532771
191415308
191355108
191317026
191296574
191285576
190857453
190857194
190562432
190499674
190498939
190487267
190424757
190145982
189780869
189508790
189508745
189508700
189294195
189289374
189288535
189287752
189287184
189286601
189285906
189283271
189282493
189281911
189281251
189280446
189217110
189216577
189206081
189074964
188988161
188853765
188029439
188028381
187933387
187932961
187932441
187697806
187688692
187558031
187367907
187314222
187312964
187311896
187306508
187285655
187270305
187269802
187237179
187236560
187233421
187232643
187230108
187185103
187124098
187107498
187006675
186843372
186795930
186795678
186795498
186405621
186405392
186404661
186379896
186378718
186087742
186082172
186046900
185948322
185743598
185743173
185644135
185511473
185496614
185477897
185401854
185375311
185371184
185323543
185290402
185290119
185289698
185289207
185258724
185119810
185065753
185008066
184769357
184435083
184292873
184074440
184057598
183638040
183378672
183238550
183074256
183050308
183016662
182828746
182803890
182726444
182442381
182406277
182305420
181987751
181974534
181958131
181886075
181784025
181783747
181777717
181777489
181691497
181578592
181578362
181577039
181451806
181436794
181430535
181425760
181180627
180941672
180748634
180747537
180745520
180416950
180313291
180157403
180139275
180136400
180136257
180134050
180127762
180127646
180082048
180076274
180006625
180006468
179919605
179852282
179849547
179530661
179482134
179441280
179407335
179405547
179404175
179174026
178818474
178686326
178370883
178366101
178309598
178157628
178139542
178119123
177990117
177956401
177955942
177708639
177523884
177503824
177297887
177188769
177185628
177144431
177010636
177000782
176872238
176712469
176670279
176664496
176565114
176517509
176436386
176436083
176351994
176258006
176207787
176198585
176197790
176188208
176119528
176119483
176119337
176119269
176119174
176118727
176118450
176118358
176118279
176118204
176117983
176117919
176117375
176117255
176117146
176116746
176070341
176069911
175817697
175737589
175691550
175578134
175574257
175572097
175567486
175396275
175374785
175309320
175220739
174873469
174828128
174662294
174633887
174561371
174561251
174561136
174561014
174441009
174440977
174440903
174262214
173874767
173715361
173712350
173601410
173563931
173540805
173540640
173540328
173517012
173430666
173416338
173230263
173223891
173184019
173145582
173124714
173007784
172975624
172970759
172946898
172809804
172458635
172390436
172317185
172275484
172264265
172235454
172130592
172130231
171824979
171441083
171177620
171099607
170645638
170510682
170386075
170281195
170034039
170033754
170032814
169840601
169609698
169459059
169441418
169426547
169425572
169206359
169201987
169201909
169131463
169044687
168457250
168448552
