176171016
176170792
176167079
176166824
176159007
176027855
175897382
175890246
175888617
175887598
175884624
175884500
175884395
175883150
175882363
175881868
175880623
175878815
175840178
175807314
175807245
175745012
175744031
175729968
175726901
175720570
175720004
175718868
175716968
175714623
175709070
175687616
175686370
175684057
175680672
175671777
175660382
175637123
175609271
175608662
175606715
175605936
175605374
175601269
175600986
175600078
175595729
175584030
175580552
175579923
175578454
175578254
175578230
175578058
175577911
175577871
175577679
175572800
175572050
175571763
175571753
175571553
175571461
175568165
175565676
175565214
175564899
175543806
175488109
175419015
175415367
175395246
175387263
175387030
175382706
175381680
175379947
175379376
175376902
175376338
175375821
175375202
175373508
175372537
175372225
175371835
175366517
175358571
175357239
175321518
175320017
175314636
175303288
175301804
175301501
175301243
175301095
175300471
175300306
175300101
175299328
175299151
175298796
175298286
175265865
175233564
175233318
175233144
175232597
175232117
175231720
175231303
175231008
175230748
175230447
175227319
175218441
175218071
175217892
175096638
175091520
175091264
175081048
175080838
175079423
175079278
175079174
175078944
175077979
175077187
175076904
175076671
175076179
175075939
175043935
175043886
175039836
175028471
175026708
175004711
174993963
174989893
174989675
174989437
174989033
174988752
174987678
174986308
174983030
174875799
174875144
174875040
174874940
174874807
174874575
174869208
174856126
174855216
174820037
174819045
174808120
174787523
174785974
174783636
174778366
174775410
174773373
174733904
174711929
174711315
174691372
174690887
174677246
174675930
174642812
174618199
174611430
174611321
174611164
174611035
174610959
174607122
174597941
174590310
174589670
174581216
174576247
174571742
174569452
174555358
174553418
174549309
174522417
174513941
174513539
174513537
174513110
174512940
174512760
174512576
174512268
174508105
174507725
174507341
174506773
174506107
174505283
174505051
174505013
174504988
174504990
174504761
174504452
174504366
174504234
174504172
174504087
174504036
174503819
174503408
174503391
174503146
174502380
174502030
174501600
174501254
174501109
174500771
174500384
174500029
174499540
174497899
174497296
174495919
174495025
174492009
174491854
174489190
174488109
174488053
174487974
174487889
174487823
174487759
174487676
174487613
174487559
174487503
174487377
174487198
174487048
174486976
174486908
174486819
174486734
174486660
174486656
174486586
174486503
174484527
174484446
174484354
174484224
174484166
174484097
174484023
174483978
174483900
174483845
174482660
174478018
174477840
174475631
174475487
174475338
174475231
174474976
174469787
174460401
174460386
174460353
174447651
174405194
174405063
174349615
174340981
174320034
174316133
174302156
174300607
174299618
174298766
174298195
174286309
174286220
174285546
174285301
174285216
174285063
174284933
174284646
174284534
174284312
174281755
174281613
174281256
174281164
174281058
174280943
174280751
174280636
174280567
174280531
174279851
174279427
174278902
174278714
174278556
174276956
174276871
174276290
174276151
174275927
174275788
174275700
174275559
174275434
174275283
174275204
174267817
174261846
174252326
174251021
174241698
174234191
174228738
174228378
174224573
174224286
174222689
174221173
174220975
174220335
174218602
174218364
174218002
174212467
174211223
174209914
174209645
174209093
174195690
174185065
174181992
174181722
174180158
174173379
174156893
174138238
174135670
174133824
174132291
174126138
174101704
174096493
174096225
174095900
174095303
174094900
174094573
174094271
174081184
174077372
174061750
174060714
174042126
174035705
174033631
174029850
174025077
174020820
174017166
174013759
174009198
174008297
174007171
174006799
174004298
173996327
173992425
173991677
173990131
173983032
173978563
173975421
173970066
173963752
173958976
173958349
173957872
173957111
173956655
173955851
173955507
173955437
173954237
173954205
173952990
173949879
173946588
173933392
173932526
173920079
173913416
173913345
173909528
173907507
173903449
173902503
173898279
173893884
173888542
173860600
173824828
173824723
173824483
173824335
173823664
173822924
173808560
173776973
173770566
173747070
173742268
173712896
173711973
173710620
173710544
173708310
173707808
173707220
173706227
173705731
173704744
173703991
173703461
173689666
173680472
173667725
173656676
173650012
173648474
173647998
173637025
173629279
173619850
173617993
173604377
173582899
173568458
173551640
173550696
173550062
173549972
173549897
173549107
173548598
173548352
173548097
173547906
173547426
173546495
173545152
173544665
173544509
173544478
173544149
173544059
173543851
173543465
173542724
173542534
173542304
173541561
173541217
173540849
173540580
173540198
173539930
173539652
173539314
173538834
173538646
173538082
173537763
173536908
173535764
173533414
173533266
173532989
173532769
173532160
173531784
173527576
173521409
173512924
173512811
173512356
173512063
173511617
173511579
173511362
173510860
173510670
173510393
173505011
173502936
173497580
173489556
173484092
173480115
173479479
173474484
173474388
173474294
173474173
173471789
173462884
173462793
173461519
173454745
173452048
173451926
173451763
173451641
173451225
173450924
173450591
173449369
173448757
173447721
173447282
173446717
173442808
173442146
173437208
173436389
173425791
173417642
173411254
173408487
173404720
173400058
173399133
173394930
173394405
173393882
173385883
173382130
173371121
173368817
173364570
173364172
173358447
173358404
173357686
173356064
173355774
173354349
173350279
173347223
173346803
173346584
173346426
173346325
173344337
173344206
173343750
173343213
173342899
173340762
173334031
173331811
173328910
173327676
173326088
173324696
173318443
173312900
173311171
173310813
173310791
173310624
173310411
173309742
173307892
173303076
173299624
173272916
173271385
173262902
173262459
173262410
173243665
173229756
173225386
173220301
173205091
173188914
173175761
173172568
173164727
173162449
173137089
173134868
173133188
173123020
173116765
173115651
173115104
173113926
173111955
173111446
173110556
173103159
173098781
173096276
173091678
173091123
173089929
173085838
173078947
173066674
173053456
173051594
173051122
173050987
173048154
173046324
173045707
173042843
173038005
173032579
173019838
173010146
173008651
173004074
173002474
173001675
172998419
172984052
172983001
172982005
172981754
172980372
172976484
172976037
172969504
172967772
172966563
172965831
172959184
172958372
172958272
172958150
172957668
172957459
172956781
172956659
172956383
172956340
172956224
172952627
172951688
172949999
172945787
172944850
172939919
172938447
172922997
172922130
172918087
172914437
172912878
172912578
172905905
172905085
172904432
172901935
172899666
172899366
172896405
172887272
172886955
172886841
172882803
172881820
172876694
172876515
172875697
172874875
172869702
172864231
172863780
172863661
172862522
172861975
172861509
172860874
172859425
172857551
172857283
172851351
172850389
172848178
172837220
172834183
172832899
172827409
172826477
172823131
172820436
172820427
172819779
172819350
172819093
172818899
172818477
172816281
172814147
172811632
172811573
172811525
172811302
172810018
172806373
172805521
172805311
172804968
172804733
172794615
172794579
172791180
172789642
172784418
172783098
172782211
172781960
172779865
172778160
172773735
172771232
172769258
172758443
172744396
172742547
172742337
172741994
172741763
172741318
172731609
172723241
172706453
172698854
172698703
172692468
172692278
172691536
172684498
172684155
172683819
172680806
172680082
172678866
172677619
172677372
172672526
172672147
172628868
172612997
172584541
172557522
172538063
172530450
172521163
172519962
172518806
172514711
172514532
172514335
172514133
172513969
172513326
172513168
172512998
172512832
172512554
172512330
172512097
172511740
172511483
172511141
172510656
172510388
172510099
172509865
172509691
172509516
172509360
172509265
172508947
172508763
172508604
172508426
172508231
172508051
172507851
172507674
172507488
172507164
172507004
172506514
172506348
172506188
172506055
172505870
172505718
172505556
172505417
172505223
172505034
172504851
172504716
172504561
172504406
172504218
172504077
172503891
172503700
172503561
172503369
172503195
172503036
172502914
172502755
172502602
172502440
172502236
172502112
172501846
172501685
172501507
172501377
172501237
172501080
172500866
172500714
172500500
172500203
172499858
172499732
172499577
172499440
172499190
172483769
172483497
172483178
172482876
172482378
172482035
172481771
172481543
172481251
172480848
172479649
172466983
172462826
172461250
172457716
172450797
172446173
172443989
172434817
172434736
172434635
172434288
172434112
172433957
172433812
172433673
172433589
172433506
172433190
172433007
172427455
172427368
172427155
172426911
172425468
172424715
172422727
172420908
172418256
172417862
172417121
172412283
172411149
172403112
172402961
172401083
172400813
172384186
172384016
172349924
172341081
172339663
172329232
172311845
172310522
172308386
172308172
172308175
172307977
172307683
172301051
172297721
172297564
172297314
172297106
172296858
172296690
172296551
172296383
172294976
172294190
172292637
172292146
172286763
172271589
172260806
172249899
172245222
172242017
172226277
172222986
