182671265
182668945
182665715
182663794
182660936
182638472
182638187
182637939
182637497
182593300
182593248
182593163
182593115
182593057
182592991
182592932
182592815
182592736
182592659
182531934
182531781
182519967
182502501
182305026
182220504
182220235
182219919
182219746
182219375
182178661
182013365
182004693
181984503
181976415
181922454
181922289
181921253
181920987
181920450
181879386
181875948
181875910
181875871
181875848
181875817
181875783
181875763
181875734
181875716
181875684
181875656
181875623
181875590
181875571
181875554
181875532
181875498
181875461
181875427
181853996
181835874
181835080
181833317
181831004
181829711
181828268
181826336
181822991
181821893
181820691
181791138
181791063
181790946
181790848
181790734
181790504
181748101
181746987
181746453
181746056
181745622
181714102
181713044
181682429
181653235
181653119
181652993
181652899
181652444
181651370
181651229
181651094
181650918
181627374
181618609
181587724
181518825
181517512
181274815
181274701
181274577
181274476
181274361
181274225
181204296
181203890
181203648
181203356
181202914
181199561
181196129
181195383
181194526
181193775
181193232
181192890
181192495
181192096
181191207
181190872
181190463
181189644
181187259
181187120
181186978
181169272
181166227
181165719
181156239
181153762
181116744
181079734
181079659
181079604
181079538
181079448
181068579
181060902
181060789
181060660
181060541
181060408
181060288
181060169
180946925
180946647
180946363
180946078
180862384
180859384
180857196
180853454
180797879
180797864
180797846
180797829
180797812
180797801
180797789
180797775
180797757
180797746
180797733
180797723
180797712
180797698
180797681
180797663
180797650
180797636
180797623
180797608
180797594
180797579
180797564
180797546
180797531
180797519
180797497
180797482
180797466
180797457
180797444
180797427
180797414
180797398
180797390
180797372
180797354
180797336
180797322
180797310
180797300
180797277
180797271
180797248
180797238
180797221
180797208
180797195
180797180
180797168
180797154
180797094
180797084
180797072
180797056
180797045
180797027
180797017
180797004
180796985
180796966
180733376
180713288
180607650
180607521
180607448
180607295
180607185
180492619
180471588
180470021
180462175
180462009
180461845
180461700
180460281
180356813
180348171
180347834
180347195
180304932
180304848
180304740
180304644
180304559
180304491
180304379
180279878
180279742
180279607
180279473
180279320
180257652
180251191
180245355
180245242
180245137
180244989
180241572
180231700
180231460
180231061
180230684
180178380
180177927
180168195
180126942
180126593
180112623
180084443
180084171
180083925
180083291
180082884
180048237
179850282
179641944
179610364
179610033
179567046
179566707
179566415
179548748
179543748
179543469
179543183
179542929
179542586
179542196
179499679
179499314
179499010
179454271
179440700
179393964
179347204
179340683
179340658
179340633
179340605
179340576
179340545
179340514
179340481
179340449
179340396
179340360
179340334
179340296
179340256
179244076
179244003
179243935
179243850
179243764
179243646
179181164
179173685
179171670
179170713
179170436
179170085
179169933
179159806
179159319
179158792
179158538
179158155
179157783
179157431
179157103
179156826
179156603
179156321
179155970
179155678
179154858
179154541
179154254
179153870
179153555
179125773
179116897
179102129
179101877
179101677
179101564
179101396
179101161
179097528
179097325
179096992
179096902
179096738
179096603
179045116
179044304
179043869
179043541
179043332
179043001
179042595
179042103
179038229
179037938
179020084
179019095
179015182
179013953
179011914
179006157
178999192
178988945
178988865
178988768
178988634
178988483
178948605
178866944
178865591
178862583
178841663
178835519
178832183
178832111
178831990
178831883
178831763
178814443
178814229
178814073
178808699
178807961
178807493
178806689
178805613
178804926
178787402
178787259
178786982
178786708
178786364
178623581
178623324
178623123
178530154
178521271
178504259
178435538
178432037
178429705
178387265
178387139
178386940
178386787
178386620
178386314
178386232
178386092
178385934
178385738
178330796
178330627
178330431
178330168
178329910
178313007
178306362
178256496
178256415
178256332
178256254
178256118
178252899
178250486
178248019
178245404
178241973
178184134
178183829
178183592
178183290
178182988
178168242
178168155
178167994
178167898
178167763
178152424
178124339
178114052
178087399
178083194
178083095
178083026
178082933
178082839
178028439
178027121
177924590
177924282
177923978
177923820
177891138
177890800
177886982
177874334
177870394
177868852
177864688
177864125
177843839
177843683
177843518
177843157
177825186
177824940
177821320
177821141
177808716
177808542
177808320
177808137
177807584
177792360
177792222
177792134
177791997
177791236
177789845
177787023
177784247
177775532
177768556
177765106
177764960
177764774
177764564
177764452
177764124
177760161
177727473
177722208
177657927
177657863
177657799
177657720
177657625
177657497
177657386
177657101
177656951
177656861
177656781
177656693
177656544
177656437
177656369
177656300
177656234
177647064
177646975
177646895
177646826
177646761
177646667
177646556
177646481
177646391
177646224
177646052
177645979
177645908
177645827
177645732
177601494
177549094
177549007
176987078
176986867
176986643
176986572
176986479
176986394
176986186
176986142
176985984
176985880
176985818
176985732
176985614
176985238
176985102
176984984
176984883
176984811
176983904
176982348
176982292
176980974
176980942
176980909
176980804
176980734
176980637
176980579
176980365
176980260
176980214
176980078
176980044
176980013
176979948
176979863
176979739
176979638
176979594
176979559
176979284
176979240
176979200
176979143
176978859
176978798
176978755
176978573
176978454
176978365
176978286
176978227
176978198
176978160
176978113
176978071
176978002
176977964
176977889
176977827
176977749
176977699
176977614
