191313738
187992852
181976236
181457268
181425907
181099309
180972054
180643056
180629000
180615148
180614890
180609050
180594044
180591005
180393915
180393536
180243850
180178987
180178771
180178553
180108812
180108653
180108394
180108183
180086588
180086434
180067458
179826250
179825940
179262242
179231181
179136404
179065163
179065022
179053440
179041312
179034063
179033043
179032802
179032610
179032435
179032168
179023742
179019308
179015166
179010128
179007362
179007341
179006871
179006798
179006772
178612229
178151105
178148248
178132043
178126548
178123424
178122638
178094734
178094480
177864989
177007394
177007312
177007075
177006972
177006882
177006813
177006748
177006675
177006594
177006511
177006414
177006350
177006241
177006170
177006099
177006007
177005523
177005427
177005130
177005049
177004987
177004904
177004788
