12249336
12248201
12243937
12243906
12243841
12243813
12243772
12243747
12243717
12243690
12237270
12234740
12223266
12214299
12213982
12206064
12167187
12167148
12166873
12163659
12163109
12162970
12162682
12162085
12162043
12161592
12160293
12160177
12159884
12159681
12159572
12159495
12159370
12159185
12159032
12155402
12155202
12154732
12154479
12154255
12154148
12154134
12154045
12153918
12153841
12153806
12153746
12153706
12153683
12153623
12140794
12140647
12140503
12140296
12140279
12140266
12140246
12140234
12140185
12140158
12140054
12139314
12138917
12137060
12136762
12136541
12136504
12135122
12125792
12119164
12114050
12113817
12113274
12110010
12109716
12109187
12109162
12099111
12098721
12098542
12097932
12089951
12089846
12089195
12089070
12088825
12083374
12082480
12081928
12080709
12079975
12079871
12079051
12078802
12077738
12076990
12076726
12074252
12074113
12073646
12073493
12072653
12071443
12062588
12062468
12059595
12059015
12058805
12058494
12058359
12058103
12058050
12058031
12058021
12057959
12057938
12057927
12057526
12057462
12057002
12056720
12056476
12056264
12055367
12055354
12047977
12047620
12046061
12045729
12045700
12045135
12044965
12042082
12039215
12039162
12036726
12032453
12032425
12032354
12031095
12030706
12029986
12029400
12029278
12029214
12029133
12029036
12027941
12027822
12027782
12027705
12027661
12027644
12027509
12027474
12027210
12027127
12026755
12026380
12026037
12025902
12023644
12022501
12022301
12022214
12022179
12022038
12022028
12021970
12021890
12021688
12021595
12021438
12021424
12021371
12021164
12021108
12021090
12020748
12020545
12020203
12020125
12020003
12019997
