224898192
224830254
224733992
224684379
224662390
224659973
224642700
224492205
224491782
224491645
224491404
224491126
224481990
224284080
224269879
224269263
224268396
224267658
224261795
224261378
224260143
224259877
224254873
224253690
224251132
224247002
224243495
224242750
224239974
224239743
224232922
224232404
224232081
224220155
224219816
224219505
224192875
224184123
224183760
224172972
224172413
224172181
224148186
224118061
224088969
224084926
224084683
224083889
224075877
224070996
224034708
223970522
223969953
223958441
223885601
223750409
223746705
223735341
223705536
223697198
223693254
223686571
223681584
223662028
223660777
223660439
223660019
223659704
223598535
223534915
223509259
223509018
223508606
223466808
223466744
223464886
223462851
223460753
223458283
223455217
223452006
223451708
223450868
223448758
223448010
223447194
223445386
223444234
223443467
223443190
223442603
223441042
223439531
223435750
223415092
223412787
223407468
223405035
223404387
223402565
223374735
223371600
223352130
223351347
223350617
223350075
223349566
223348740
223348568
223339290
223338951
223338518
223335226
223320229
223212372
223212271
223212185
223212085
223211904
223211785
223211629
223211518
223211424
223211194
223190717
223187033
223186695
223142531
223128406
223113455
223098457
223082349
223082130
223081863
223080629
223073484
223072779
223069830
223069549
223069197
223068883
223063586
223061647
223061354
223052321
223052106
222993619
222993443
222993428
222993088
222988947
222962861
222928283
222926567
222924184
222923543
222916046
222915457
222914933
222830871
222830812
222804561
222775180
222705672
222683046
222670372
222619340
222538739
222534969
222527201
222506375
222477721
222474127
222473305
222472698
222472185
222466288
222465993
222465733
222465468
222439246
222436274
222400404
222399793
222399701
222383002
222381981
222379417
222370104
222366843
222365722
222363748
222357317
222356664
222356445
222356310
222356066
222355806
222327088
222306569
222306484
222306348
222306172
222306036
222305715
222305425
222305270
222305122
222304796
222304567
222302199
222299536
222291626
222237797
222237030
222236521
222236289
222235836
222235075
222233743
222232525
222231215
222229043
222228616
222228188
222228082
222227187
222217083
222216781
222216451
222215910
222215462
222215047
222207321
222197663
222197320
222196583
222196129
222196035
222195442
222191792
222191751
222191650
222191509
222191375
222168645
222168537
222168419
222168304
222168177
222168034
222167806
222140120
222139901
222126055
222110969
222110773
222110596
222110428
222110305
222110096
222109634
222109373
222108324
222108106
222107888
222107494
222107225
222106853
222106770
222106528
222105621
222103893
222103786
222103451
222103218
222102458
222101866
222101661
222099045
222066890
222064169
222063218
222062749
221891493
221869867
221868711
221862651
221861880
221840292
221835686
221768845
221768636
221768401
221768206
221767917
221767907
221766350
221764903
221764677
221763616
221763143
221760504
221757130
221752471
221751998
221751669
221750940
221741979
221728936
221708611
221706899
221706075
221705597
221704363
221698100
221689070
221664261
221607607
221607490
221607378
221607256
221607062
221606941
221606829
221606645
221596554
221596292
221595466
221552421
221551955
221547109
221545707
221533823
221526622
221514850
221514595
221498540
221487583
221431599
221425884
221422970
221422380
221419334
221380181
221380011
221379100
221376441
221376247
221337699
221307608
221307453
221307390
221307328
221307039
221293075
221293061
221293048
221293016
221292846
221292821
221292788
221292766
221292736
221292703
221292662
221292638
221292607
221292548
221292513
221292494
221292471
221292441
221292412
221292367
221290883
221289435
221287182
221287149
221287102
221287073
221287030
221286953
221286920
221286880
221286826
221286484
221286442
221286395
221286314
221286268
221285899
221285623
221285586
221285526
221284661
221284557
221284424
221284391
221284286
221282723
221282685
221282646
221282492
221282437
221282377
221282328
221282227
221280478
221279920
221279772
221279718
221279566
221279513
221279471
221279381
221279324
221279272
221279141
221279098
221279062
221279019
221278953
221278903
221278854
221278655
221278593
221278522
221278462
221278407
221276968
221276756
221276436
221276318
221226520
221173296
221171066
221136260
221135879
221132955
221131265
221130686
221128077
221126609
221125714
221123562
221122879
221117835
221117779
221116989
221116032
221115225
221114920
221114115
221112987
221112148
221111463
221110982
221070938
221066646
221053589
221052916
221043030
221042675
221040674
221040203
221039961
221026869
221025667
221025537
221025049
221024433
221024109
221023898
221023617
221023413
221023036
221022252
221022026
221021828
221021618
221017451
221016026
221015739
221015420
221015111
221014703
221014243
221012523
221012266
221011152
221010764
220982749
220981308
220980950
220980790
220980630
220980400
220939921
220934715
220934594
220934393
220934236
220934060
220932832
220913409
220913320
220878719
220878187
220877937
220877490
220872862
220872235
220871996
220871687
220870785
220868280
220865772
220865337
220864981
220864802
220864576
220860847
220860586
220859323
220859080
220858845
220858426
220858015
220842534
220842311
220841801
220841283
220841071
220837278
220836995
220836540
220835622
220835171
220826052
220821628
220821374
220821176
220820578
220820410
220816663
220816478
220816260
220816002
220815841
220811426
220810962
220810954
220810710
220810441
220810272
220809995
220809084
220808292
220807871
220807668
220807508
220807242
220806930
220804168
220803559
220803116
220802822
220802581
220801470
220801299
220800064
220799789
220799415
220799211
220798867
220798194
220797965
220797752
220797396
220797007
220772750
220772575
220772409
220772230
220772197
220772029
220770775
220770573
220770388
220770252
220769689
220769515
220769369
220768140
220768012
220767878
220767717
220767535
220767376
220767042
220766883
220766733
220766538
220766407
220766305
220766267
220766151
220765984
220765821
220765665
220765513
220765337
220764773
220764540
220764048
220763868
220763628
220763462
220763260
220763007
220762758
220762594
220762462
220762308
220762158
220762059
220761884
220761541
220761324
220761120
220760940
220754173
220724395
220724294
220724196
220722443
220722246
220722043
220721887
220720897
220719960
220719853
220719644
220719540
220719415
220719307
220719222
220719066
220718949
220718812
220718501
220718385
220718252
220718153
220718010
220717861
220717773
220707534
220707489
220707011
220706350
220706237
220706099
220706036
220705984
220705939
220701738
220701437
220701400
220701349
220701314
220701261
220700726
220700342
220699402
220699378
220699336
220698984
220698961
220698948
220698934
220698921
220698909
220698897
220698886
220698864
220698851
220698815
220698791
220698771
220698753
220698728
220698629
220698612
220698569
220698542
220698515
220698482
220698459
220698439
220698417
220698211
220698184
220698152
220698096
220698078
220698061
220698040
220698028
220698010
220697982
220697928
220697903
220697833
220697789
220697770
220697750
220697727
220697693
220697672
220697654
220697631
220697598
220697136
220697090
220697031
220696953
220696862
220696712
220696667
220696615
220696380
220696284
220696269
220696156
220696132
220696102
220696062
220696044
220696024
220695999
220695839
220695826
220695805
220695788
220695763
220695751
220695735
220695647
220695227
220695181
220695147
220695114
220695088
220695027
220694992
220694965
220694922
220694865
220647175
220646262
220613531
220555239
220533857
220530684
220526841
220523693
220521035
220518079
220514905
220513993
220512454
220511671
220511553
220508566
220507390
220505164
220500628
220500286
220500263
220499737
220499079
220497729
220496656
220493418
220493061
220492572
220492358
220492194
220490945
220489846
220487170
220481712
220480136
220479821
220477476
220477152
220475754
220474719
220474247
220473037
220471268
220469837
220468602
220468149
220466854
220465219
220464879
220464785
220464600
220464185
220464148
220463938
220463813
220463688
220463471
220463115
220461399
220459851
220459108
220457151
220447092
220443114
220436748
220432889
220432712
220432524
220432337
220432145
220431263
220430779
220430581
220430396
220430162
220426743
220425794
220425555
220425398
220425256
220423598
220423401
220423198
220422913
220422719
220422518
220422317
220422101
220421862
220421664
220421447
220421253
220421083
220420877
220419201
220418952
220418768
220418514
220418288
220418096
220417915
220416564
220416377
220416168
220415928
220415731
220415149
220414923
220414742
220414531
220414357
220414109
220413918
220413715
220413477
220413246
220413041
220412530
220410080
220409034
220408779
220408618
220408442
220408005
220407786
220407644
220407435
220407024
220406573
220406396
220406219
220406058
220405912
220405744
220405521
220405295
220405082
220404940
220404761
220404603
220404480
220404278
220404105
220403961
220403848
220403712
220403541
220403401
220403271
220403099
220402997
220402842
220402701
220402577
220402470
220402351
220402230
220402054
220401951
220401849
220401727
220401600
220401498
220401116
220400979
220400752
220400517
220399436
220393659
220393392
220392772
220391083
220390425
220389981
220389044
220388849
220388218
220385267
220385031
220384783
220381247
220380881
220380748
220380586
220380477
220380270
220379315
220360256
220359526
220358997
220358439
220357964
220316950
220316197
220315815
220308845
220308238
220306884
220305552
220301606
220301560
220288478
220278773
220214099
220213091
220212870
220198032
220185073
220184903
220184632
220184432
220184192
220184000
220183720
220180993
220180791
220180509
220179585
220179490
220179390
220179268
220179162
220177884
220177779
220177659
220177485
220177344
220177212
220177083
220176976
220176846
220176704
220172153
220171230
220171106
220171007
220170871
220169432
220169310
220169206
220169085
220168982
220168853
220168729
220168625
220168531
220168420
220168318
220168216
220168099
220167915
220167766
220167661
220167569
220167474
220167363
220167251
220167144
220167043
220166912
220166798
220166774
220166682
220166578
220166502
220166467
220166373
220166364
220166008
220165768
220165662
220165526
220165241
220165029
220164741
220164602
220158213
220158054
220157973
220157870
220157763
220157660
220157580
220157283
220157129
220157045
220156937
220156839
220156722
220156601
220153971
220153858
220153764
220153646
220153536
220153395
220153267
220153154
220153060
220152982
220152884
220152756
220152642
220152538
220152414
220152334
220152208
220148295
220148199
220148127
220148007
220147913
220147815
220147720
220147606
220147497
220147410
220147306
220145806
220145371
220145241
220145079
220144354
220144284
220144189
220144078
220144001
220143935
220143418
220143354
220143290
220140553
220140462
220140397
220140325
220140256
220140184
220140098
220139226
220138805
220072843
220042292
220033470
219976195
219965794
219965411
219965229
219948347
219947927
219947444
219947177
219946663
219946343
219935256
219934968
219934709
219934315
219924477
219923555
219923343
219923039
219922459
219920242
219919480
219919104
219918776
219918217
219917910
219917414
219917055
219916825
219916567
219916253
219915443
219915195
219914916
219914313
219913752
219913305
219913053
219912786
219912544
219912291
219911990
219911449
219911145
219910665
219910225
219909535
219909052
219908450
219908398
219908202
219907916
219907647
219907202
219906566
219906122
219905899
219905729
219905643
219905367
219905113
219905078
219904861
219904657
219904433
219904284
219904091
219903921
219903729
219903530
219903307
219903137
219902797
219902363
219901175
219900878
219900570
219900006
219899721
219899385
219899041
219898768
219898540
219898240
219897956
219897649
219897326
219896984
219893827
219893522
219893268
219893058
219892851
219892609
219892436
219892137
219891779
219890332
219889955
219889625
219889277
219888853
219888534
219888155
219887757
219887597
219887367
219887185
219886990
219886724
219886494
219886187
219885928
219885704
219885432
219884407
219883606
219883341
219883020
219882565
219882241
219881965
219881616
219881447
219881273
219880912
219880052
219879708
219879575
219879339
219878967
219862074
219861581
219861135
219848001
219847611
219847222
219846959
219846658
219846150
219844780
219844451
219844157
219843908
219843608
219843358
219843036
219842598
219842176
219841880
219841618
219841255
219840536
219786838
219776187
219763601
219706661
219661694
219659124
219657360
219096277
219095585
219084573
219084093
219083747
219083486
219083206
219082871
219082437
219082310
219082114
219081894
219081523
219080897
219080212
219079976
219079743
219079344
219078835
219078491
219078318
219078188
219077895
219077694
219077566
219077438
219076706
219076499
219075992
219075841
219075619
219074731
219073839
219073553
219073262
219072753
219072132
219071778
219071263
219067829
219052011
219049762
219048844
218799089
218641496
218636842
218589761
218586750
218585369
218583000
218578816
218565250
218516158
218499089
218493443
218493114
218492975
218492784
218492619
218492376
218492180
218491972
218491774
218491558
218491390
218491236
218491041
218490912
218490795
218490604
218490415
218490268
218490076
218489886
218489716
218489502
218485150
218484403
218484076
218468254
218467482
218464952
218461578
218405407
218335579
218335269
218334480
218333582
218333358
218332716
218330892
218317664
218313977
218308267
218307792
218307425
218304129
218294720
218290845
218259024
218257772
218252556
218247682
218240055
218238558
218238189
218236972
218236508
218164246
218163903
218163645
218163485
218163056
218162813
218162611
218162332
218162149
218161920
218161739
218161497
218161412
218161319
218161224
218161142
218160956
218160879
218160781
218160507
218160442
218160301
218160197
218160083
218160031
218159329
218147912
218147877
218147848
218147809
218147707
218147658
218147047
218140708
218140071
218139849
218138079
218137747
218137716
218137663
218137609
218137574
218137529
218137478
218137436
218137379
218135196
218135152
218135082
218135042
218134975
218133423
218133357
218133297
218133224
218133167
218132946
218132859
218132799
218132717
218132631
218132435
218132216
218132081
218131891
218131505
218130446
218130321
218129981
218129894
218129102
218128921
218128799
218128217
218127870
218127645
218127363
218126883
218126517
218126103
218123749
218123244
218121411
218121269
218079203
218078838
218078020
218073318
218071267
218060216
218059677
218059235
218057677
218057166
218049996
218038910
218037945
218017383
218014192
218013412
218007533
217993832
217986506
217983039
217982831
217982715
217982582
217982479
217982373
217982246
217982089
217981931
217981815
217981706
217981567
217981436
217981305
217981165
217981074
217980945
217980841
217980722
217980616
217980492
217980377
217980266
217980017
217978820
217970632
217968675
217967253
217965427
217962707
217961594
217958422
217957753
217933374
217931302
217930585
217930486
217929626
217927198
217926615
217925784
217925336
217924813
217916706
217914678
217913189
217910820
217890271
217889787
217889357
217886371
217886159
217885553
217884756
217884134
217883779
217882358
217880803
217880346
217879550
217879463
217879095
217878666
217878255
217877532
217876791
217876253
217875831
217875609
217875022
217874561
217873993
217873502
217873079
217872736
217869823
217868663
217867917
217867612
217867369
217867347
217867103
217866227
217865998
217865497
217865170
217864637
217864321
217864025
217863723
217863425
217862896
217862290
217861924
217861261
217860290
217859894
217859174
217858690
217858458
217857709
217849262
217848628
217848207
217847791
217846774
217846564
217846451
217846111
217845792
217844775
217844136
217843791
217843336
217842949
217842646
217842244
217841982
217841812
217841532
217841313
217840999
217840825
217840520
217840350
217840028
217839961
217839837
217837774
217836342
217833290
217833051
217832479
217832190
217831849
217831603
217831274
217830989
217830561
217830056
217829887
217829316
217828762
217828474
217827967
217827477
217827458
217826700
217826146
217825356
217825347
217824531
217824500
217823545
217822651
217821853
217821259
217819898
217818819
217815989
217815071
217806735
217806215
217805666
217804724
217804205
217803939
217803666
217803000
217802696
217802467
217801743
217801501
217786423
217785804
217741043
217739340
217732392
217732144
217732007
217731684
217731292
217730574
217729499
217729053
217728854
217728750
217728184
217704178
217703853
217702672
217701521
217637521
217636806
217620859
217606960
217605664
217574355
217567665
217567285
217537218
217536938
217536690
217535797
217535507
217535082
217534946
217534498
217480453
217476596
217476136
217475761
217444916
217360493
217339980
217339681
217339575
217334897
217334640
217334494
217334407
217334339
217334238
217333973
217333709
217332461
217332337
217332228
217332087
217331858
217331522
217323166
217323073
217322861
217322721
217322350
217322203
217322095
217322015
217321916
217256855
217244434
217206440
217190953
217182417
217165716
217163699
217120752
217114427
217114297
217114118
217113854
217113749
217113596
217113450
217113244
217113085
217109932
217109492
217109330
217109250
217109121
217109006
217108842
217108738
217107845
217107656
217107560
217107420
217107298
217107191
217107034
217101823
217101728
217101651
217101520
217101444
217101333
217101222
217101068
217100969
217100859
217100764
217100699
217100619
217100542
217100420
217100330
217100247
217100138
217100034
217099533
217099389
217099291
217099088
217098900
217090284
217090138
217090035
217089908
217089795
217089705
217089565
217089458
217089356
217089257
217089153
217088900
217088697
217088575
217088394
217088250
217088074
217086042
217085912
217009195
216929087
216921145
216914853
216914557
216914292
216903315
216900389
216900183
216899955
216899761
216899515
216899261
216899019
216898699
216890046
216889046
216886370
216885918
216885811
216885661
216885576
216885524
216885369
216868437
216867471
216867104
216865122
216856192
216795090
216795035
216794976
216794828
216794758
216783845
216772280
216771955
216771529
216771124
216770741
216769709
216765066
216759357
216759035
216755597
216744615
216744137
216743465
216743035
216724435
216697994
216696194
216690038
216689810
216689571
216689300
216689001
216688483
216688412
216688290
216688182
216687982
216687853
216685881
216683152
216672944
216672740
216661492
216649048
216606309
216601018
216600835
216579744
216579501
216577697
216572273
216471853
216417695
216374697
216372088
216353310
216352325
216351909
216350213
216349470
216290525
216274724
216268391
216255154
216252923
216252635
216196979
216188927
216188433
216153801
216152663
216145123
216144938
216144680
216107766
216084963
216064412
216009625
215979609
215979251
215979124
215979081
215978816
215978635
215978536
215978365
215978106
215977796
215977615
215977290
215977114
215976910
215976635
215976509
215976244
215975946
215975560
215958977
215958721
215958416
215956800
215950561
215889178
215885624
215883905
215883709
215872414
215872079
215871022
215851251
215850966
215850594
215850174
215849832
215842661
215837152
215837051
215836933
215836731
215836591
215836457
215836341
215836230
215836115
215835957
215835748
215835656
215835529
215835443
215835286
215835193
215835038
215834936
215834695
215834535
215834343
215832873
215831976
215806878
215804981
215769404
215757874
215757812
215757714
215757099
215757010
215756843
215756640
215756608
215756450
215756378
215756194
215756119
215756092
215756032
215714471
215713779
215664373
215651848
215625114
215624940
215624757
215624613
215624424
215619286
215611720
215610931
215610635
215610247
215597929
215588780
215572047
215571146
215570456
215570128
215568352
215567048
215566836
215566663
215566291
215559912
215550905
215549887
215547762
215545223
215521550
215491895
215491725
215491514
215491340
215491143
215490907
215490557
215490255
215490041
215489804
215481115
215405476
215395436
215394981
215377299
215361348
215360443
215359637
215357493
215356009
215355017
215352400
215351687
215351493
215351335
215351097
215349833
215349562
215349555
215348674
215347872
215346856
215345711
215345176
215344453
215343514
215342807
215342148
215341420
215339715
215314021
215313655
215313278
215312933
215312615
215312007
215311654
215214132
215208886
215186983
215183969
215179866
215161231
215153436
215138743
215073315
215073154
215073021
215064991
215064544
215064187
215063259
215062905
215062583
215062128
215061597
215004996
215004614
215004276
215004012
214965182
214965004
214844983
214844867
214844653
214844516
214844350
214844197
214843618
214843325
214843194
214843017
214842879
214798676
214795391
214791352
214790158
214706145
214703136
214680931
214676836
214674525
214673693
214672457
214671192
214670637
214636556
214636339
214635941
214635623
214635280
214634943
214634281
214625937
214562094
214561856
214561672
214561521
214513795
214478020
214477881
214477686
214477488
214477288
214462241
214445940
214408578
214406806
214405010
214402544
214401963
214401218
214399767
214399579
214399402
214398547
214394033
214388910
214342190
214342127
214342046
214341908
214341812
214341696
214341512
214339282
214339173
214339058
214338897
214333541
214118357
214117074
214116310
214115749
214114645
214114032
214113325
214112424
214035436
214034932
214034525
214030915
214030137
214029524
214027643
214026914
214026208
214025705
214025109
214024539
214023532
214022436
214021778
213995485
213964573
213897409
213892366
213892263
213892150
213892066
213891837
213891763
213891679
213891569
213891212
213873661
213867751
213867602
213867371
213867237
213867063
213866941
213866812
213866204
213866055
213865942
213865840
213865745
213865623
213865448
213865353
213865140
213865014
213864824
213864671
213864501
213864354
213864247
213864158
213864058
213863924
213863754
213863546
213863435
213863345
213863170
213863071
213862923
213862795
213862704
213862612
213862517
213862412
213862003
213861865
213861769
213861214
213861048
213860921
213860828
213860685
213860569
213860474
213860377
213860246
213859665
213859587
213859510
213859423
213859246
213859172
213859093
213859005
213858928
213858850
213858750
213858661
213858561
213858417
213858330
213858222
213858123
213858025
213857888
213857764
213857656
213857547
213857451
213857343
213827727
213827366
213827107
213823755
213800517
213800376
213800178
213787048
213756119
213755463
213717399
213717288
213717172
213717072
213716938
213705789
213705620
213705205
213704937
213678436
213671496
213668989
213659302
213654419
213533129
213426006
213425579
213425265
213422794
213422372
213422123
213421817
213378767
213377720
213376735
213331362
213293318
213292973
213285453
213284105
213283023
213280302
213265393
213265247
213265121
213259509
213259365
213259233
213259074
213258892
213258630
213258348
213258191
213258019
213257911
213253466
213253359
213253248
213253138
213244924
213244495
213244254
213213373
213210471
213181104
213176782
213157515
213156636
213155521
213154040
213151684
213138564
213130326
213130261
213130197
213130118
213130060
213129984
213127359
213126813
213126400
213124672
213124335
213123999
213123606
213122977
213121391
213118926
213115210
213114257
213113724
213112460
213111699
213108290
213085419
213051645
212985534
212982866
212965820
212965713
212965603
212965486
212965413
212965323
212965148
212960763
212849980
212809996
212809708
212809386
212809083
212808801
212808260
212807956
212807402
212807125
212806783
212806509
212806311
212806121
212805929
212805613
212802788
212783202
212737926
212737577
212736979
212731781
212728780
212728488
212727863
212711573
212711351
212711186
212679380
212677712
212651302
212650922
212649174
212648354
212646107
212645707
212644857
212640884
212640705
212637876
212636600
212635089
212623582
212623228
212607048
212602060
212601749
212601620
212601490
212601356
212601053
212587353
212586770
212560706
212557923
212494716
212492615
212492527
212492434
212492332
212492230
212491916
212491616
212464326
212451132
212449102
212448314
212447893
212446964
212446051
212434915
212411535
212411245
212411148
212411053
212410950
212410827
212410720
212410375
212409980
212409876
212409820
212409731
212409648
212409470
212409021
212408778
212408436
212393718
212373888
212373372
212295433
212295237
212294954
212294828
212294709
212294569
212294517
212294418
212294309
212294210
212294130
212294062
212293958
212293811
212293544
212293487
212293388
212293209
212293152
212292780
212292632
212292518
212292411
212292349
212292303
212292255
212292185
212292129
212292041
212291841
212291780
212174199
212165633
212162292
212126937
212066347
212064838
212062676
212062597
212062504
212062409
212062313
212062199
212061141
212060265
212051701
212048117
212014020
212003599
212001901
211999826
211995891
211993702
211984198
211979534
211971394
211971132
211970866
211961293
211958627
211957139
211956572
211935709
211935177
211929085
211876697
211875840
211874913
211873886
211871621
211871396
211871099
211870863
211870677
211858770
211838757
211838552
211805724
211804118
211794314
211793972
211793258
211791729
211784662
211783197
211782228
211781335
211747585
211746026
211744861
211658095
211625392
211589065
211583996
211575730
211571347
211387464
211379258
211378710
211377687
211337282
211336837
211336651
211336551
211336433
211336314
211336211
211336091
211335902
211327096
211314060
211313883
211312019
211311020
211310516
211309529
211308822
211307783
211306751
211305503
211302187
211301447
211300024
211299720
211299321
211299077
211298779
211298575
211297826
211297402
211296297
211294676
211293335
211292866
211291768
211291092
211290969
211290817
211289426
211288694
211279681
211278765
211277986
211277641
211277210
211276976
211276745
211276568
211276235
211274383
211274088
211273842
211273416
211272310
211271399
211270099
211269666
211267987
211267745
211267252
211266746
211266402
211263966
211263567
211263246
211262748
211262357
211262073
211261359
211261042
211260643
211260244
211259792
211259776
211259083
211258499
211257705
211257464
211256810
211256521
211250635
211250149
211249801
211241183
211240751
211240457
211238553
211230843
211230368
211230048
211229870
211192455
211191170
211190575
211185764
211142745
211135225
211111637
211097477
211090121
211078864
211064756
211064543
211064271
211045612
211044528
210981954
210912216
210771762
210769393
210765396
210737980
210720451
210719612
210671798
210668185
210664794
210664557
210646213
210646093
210645855
210645746
210645565
210645370
210645202
210645013
210644758
210644626
210644506
210637765
210637395
210637020
210636755
210636472
210636243
210634274
210599717
210554955
210505775
210501498
210482189
210481966
210440297
210440194
210440119
210440049
210439950
210439854
210439774
210439681
210439595
210439502
210439261
210439122
210439022
210438950
210438900
210438826
210438749
210438684
210438605
210438536
210438003
210409071
210407393
210406004
210405947
210405839
210405760
210230823
210230603
210070895
210070641
210034057
210033671
210033382
210033116
210032510
210013156
209976449
209912081
209900868
209880704
209875716
209875083
209874426
209873033
209872244
209866239
209866017
209865331
209858165
209856749
209854027
209832193
209832049
209831758
209831510
209271229
208833609
208735512
208214819
208214097
208076874
207631606
207629034
207385817
207385708
207385222
207385060
207384882
207384262
207384001
207383862
207383748
207383626
207382528
207382295
207382068
207381909
207381769
207381620
207379622
207379413
207379260
207379132
207378982
207378798
207378550
207378238
206789571
206789305
206788761
206788556
206786297
206766943
206766939
206765302
206765299
206765294
206764782
206764778
206764616
206764617
206757999
206757996
206757545
206757540
206757535
206757542
206757087
206757085
206757088
206756475
206750287
206750055
206749716
206748968
206748958
206748964
206748969
206748213
206747878
206747701
206614064
206613979
206613653
206613568
206613466
206613320
206612863
206612695
206612101
206611890
206610665
206610649
206610640
206610620
206610082
206610083
206610086
206610074
206610079
206610080
206608334
206608339
206608319
206608329
206607182
206607178
206607165
206607167
206607162
206607152
206607144
206604901
206604831
206604827
206604758
206604627
206604625
206604621
206600808
206600711
206600578
206600263
206600159
206600078
206599936
206599863
206599537
206598152
206598147
206597830
206119105
206118956
206118879
206118753
206117763
206117715
206117667
206117613
206117512
206117439
206117348
206117260
206070155
206070090
206070039
206069559
205697127
205628253
205628066
205627875
205627677
205626712
205626509
205626326
205626186
205626008
205625897
205625786
205625649
205625054
205624970
205624853
205624196
205622771
205622682
205622496
205622322
205622140
205622013
205621872
205621749
205621647
205621529
205621394
205621293
205621114
205620960
205620812
205620335
