306892339
300230453
299246568
298869553
298522919
298348246
298345732
298343108
298338687
298337245
298334374
297907203
297256498
297254795
296754070
296623078
296620875
296547318
296269601
296077926
295985018
295983357
295751519
295750414
295544693
295019713
295019441
295018766
294808773
294808267
294807683
294111688
294111447
294111122
294110707
293604711
293604303
293604004
293603514
293436303
293369626
292111027
291952134
291709245
291708923
291707387
291706892
291423116
289798076
289644591
289644224
289642715
289641058
289636871
289636467
289635459
289635124
289634560
289375775
289345357
289338108
289055056
288673052
288626605
288598467
288438266
288291103
288290817
288290339
288290082
288289879
288289642
288289286
288289059
288288798
288288539
288288146
288254559
288254239
288254030
288253824
288253588
288050060
288049384
288048871
288048403
288048005
288047446
287813261
287813139
287813057
287812909
287812798
287812638
287812539
287812442
287812361
287812246
287812148
287812072
287811995
287811927
287811810
287811748
287811685
287809454
287684549
287684002
287683721
287683295
287661333
287661096
287660737
287660586
287660442
287660259
287649422
287649114
287648807
287648336
287648166
287647633
287645004
287644459
287591136
287590642
287574720
287570479
287569704
287569330
287540984
287460940
287417608
287403682
287363675
287140562
287110991
286506217
286428837
286422347
286343149
286343056
286342988
286342915
286342207
285924115
285911770
285895657
285892618
285892176
285891966
285891783
285891500
285891364
285891161
285890926
285849205
285538923
285538056
285529372
285513714
285513447
285379715
285286469
285286392
285286328
285286264
285286165
285286094
285285996
285285902
285285825
285285748
285285677
285285602
285285521
285285428
285285247
285285151
285285064
285284909
285284829
285284721
285284652
285284560
285284472
285284357
285284236
285284120
285284005
285283890
285283807
285283712
285283563
285283426
285283325
285262329
285243774
285243388
285242604
285242107
285189668
285189410
285121927
285103877
284884898
284619358
282318731
282318106
281568478
281266614
278641431
273781946
273550531
273550423
273550265
273550253
273550076
273550002
273549951
