13468625
13462701
13457418
13455776
13449287
13443972
13443904
13441993
13441861
13441799
13441703
13441551
13441330
13440327
13438677
13438341
13438326
13437455
13437136
13437034
13436021
13435924
13434698
13434675
13434645
13433170
13432059
13431257
13431237
13431201
13431179
13431161
13431145
13431131
13431113
13431100
13430907
13430239
13430114
13429604
13429531
13429048
13429032
13429000
13428984
13428943
13428892
13428871
13428868
13428820
13428813
13428787
13428766
13428740
13428701
13428674
13428644
13428608
13428569
13428539
13428494
13428463
13428460
13428406
13428349
13428073
13427912
13427658
13427576
13426901
13426498
13426475
13426394
13425828
13418491
13418426
13417452
13416211
13416118
13415741
13415729
13415705
13415273
13415266
13415259
13415222
13415213
13415192
13415179
13414379
13414378
13414376
13414374
13414371
13414370
13414369
13409479
13408796
13404693
13397623
13397509
13397452
13397379
13397058
13396719
13396688
13396580
13396244
13395694
13395682
13395655
13395641
13395632
13394449
13393463
13393403
13393378
13393283
13393252
13393214
13393036
13393055
13392976
13392924
13392959
13392902
13392870
13392843
13392753
13392770
13392731
13392682
13392657
13392616
13392575
13392552
13392520
13392444
13392420
13392399
13392366
13392287
13392274
13392301
13391882
13391744
13391332
13391351
13387632
13385971
13385883
13384095
13383958
13383929
13383882
13383732
13383158
13381887
13381436
13381428
13381417
13381443
13381407
13381397
13381337
13381249
13379212
13379103
13376635
13376346
13376255
13376191
13376023
13369179
13362788
13360144
13358608
13356127
13356131
13356125
13356121
13356115
13353498
13350171
13350128
13350096
13349996
13343577
13343578
13343552
13343486
13343257
13342666
13342608
13340859
13339708
13339346
13339238
13339111
13338942
13338849
13338771
13338729
13338551
13338414
13338250
13338224
13338161
13338116
13338087
13337994
13337941
13337920
13337889
13337856
13337803
13336867
13331904
13331776
13326705
13325920
13325311
13324981
13324942
13324899
13324747
13324678
13324628
13324442
13324372
13324325
13324288
13324262
13324219
13324117
13324034
13323982
13323858
13323723
13323623
13323539
13323469
13323448
13323298
13323274
13323232
13323099
13320824
13320618
13320042
13319966
13319945
13319912
13319802
13319740
13319626
13319466
13319446
13319424
13319410
13319090
13317436
13311023
13310766
13310638
13310591
13310556
13310458
13310195
13309778
13309658
13307527
13305639
13305659
13305606
13305580
13305568
13305547
13305478
13305438
13300933
13291996
13291725
13291734
13291662
13291556
13291584
13289165
13286624
13286589
13286374
13285408
13283878
13277230
13276837
13276866
13275632
13275505
13275476
13275317
13274802
13274360
13274186
13274174
13274158
13274102
13274053
13273977
13273994
13273915
13273946
13273875
13273773
13273739
13273706
13273657
13273686
13273627
13273575
13273558
13273546
13273521
13273492
13272262
13271779
13271753
13271728
13271680
13271656
13271609
13271638
13271546
13270619
13264331
13261867
13261716
13261640
13257774
13257763
13257744
13257701
13257735
13257691
13257713
13257632
13257564
13257585
13257426
13257293
13256167
13256066
13254911
13254720
13254697
13254672
13254570
13254532
13252982
13252448
13251890
13251815
13251834
13251791
13251763
13251746
13251109
13251145
13250925
13250123
13250073
13249984
13249985
13249925
13249848
13249805
13249605
13245177
13242953
13241550
13241461
13241490
13241286
13241114
13241054
13240994
13240893
13240881
13240909
13240873
13240860
13240843
13240824
13240782
13240809
13240770
13240795
13240758
13240742
13240751
13240725
13240688
13240713
13240674
13240664
13240698
13240640
13240629
13240648
13240604
13240617
13240581
13240571
13240595
13240560
13238336
13238196
13229090
13226990
13225306
13216848
13215357
13214520
13213719
13213245
13212449
13212410
13212229
13209854
13209635
13209220
13209203
13209153
13209138
13209118
13209089
13209078
13209019
13209009
13208971
13208932
13208894
13208862
13208706
13207595
13207577
13207565
13207551
13207519
13207497
13207484
13207098
13203182
13203038
13199344
13198766
13197947
13176918
13175092
13175071
13175035
13175004
13174950
13174800
13174578
13172842
13172826
13172802
13172371
13172339
13172018
13171982
13171956
13171921
13171884
13171865
13171828
13171790
13171757
13171748
13171722
13171694
13171232
13171229
13171013
13161984
13159084
13159064
13157447
13157360
13156695
13156688
13156673
13156664
13156716
13156708
13156594
13156650
13156646
13156625
13156540
13156608
13156513
13156575
13156564
13156477
13156436
13156493
13156357
13156249
13156156
13156174
13156148
13156138
13156117
13156031
13156080
13155987
13156056
13156015
13155966
13155925
13154953
13154877
13154813
13154019
13153922
13151966
13151907
13151855
13150809
13150128
13148014
13145261
13145245
13145238
13145211
13145200
13145180
13145165
13145148
13145132
13145111
13140863
13140817
13140812
13140805
13140798
13140793
13140766
13140733
13140725
13140709
13140694
13140681
13140572
13140515
13140507
13140434
13140428
13140418
13140413
13140399
13140385
13140316
13140310
13140305
13140301
13140292
13140281
13140264
13140259
13140145
13140122
13140016
13139994
13139989
13139967
13139855
13139842
13139839
13139801
13139779
13139767
13139755
13139741
13139646
13139615
13139575
13139556
13139546
13139355
13139344
13139329
13139313
13136596
13134100
13134093
13134033
13133890
13133875
13133616
13132695
13132383
13131995
13131945
13130766
13130734
13130718
13130703
13130604
13130518
13130501
13130426
13130400
13130367
13130328
13130303
13130231
13130187
13130056
13129981
13129960
13129884
13129897
13129889
13129798
13129822
13129816
13129809
13129743
13129735
13129292
13127712
13127696
13127687
13127676
13127669
13127657
13127640
13127538
13127523
13127510
13127494
13127483
13127476
13127453
13127444
13127431
13127423
13127409
13127400
13127377
13127366
13127354
13127342
13127326
13127310
13126285
13126184
13125708
13125331
13125278
13124333
13124314
13124269
13124247
13124114
13124102
13124070
13123970
13123956
13123930
13123922
13123896
13123890
13123846
13123828
13122721
13122695
13122679
13122634
13122564
13122522
13122474
13122430
13122412
13122383
13122371
13122352
13122336
13122315
13122296
13122277
13122263
13122247
13122229
13122218
13122190
13122168
13122108
13118002
13117391
13117364
13117361
13117352
13117226
13117198
13116982
13116489
13114687
13114685
13114684
13114683
13114682
13114680
13114679
13114678
13114677
13114676
13114674
13114673
13114672
13114671
13114670
13114669
13114667
13114666
13114665
13114662
13106544
13106466
13106376
13106172
13106132
13106027
13105997
13105938
13105916
13105895
13105868
13105840
13105822
13105799
13105774
13105693
13105642
13105600
13103208
13101960
13099190
13093172
13093079
13093066
13093033
13093023
13093013
13093003
13092848
13092554
13092540
13092506
13092493
13092489
13092479
13092477
13092453
13092438
13092420
13092419
13092403
13092371
13092353
13089368
13089149
13089032
13088425
13085709
13085352
13084900
13084357
13083460
13082264
13081592
13081516
13081332
13080543
13080525
13080348
13080331
13077389
13077293
13076061
13075997
13075959
13075000
13074571
13073390
13073377
13072843
13072835
13072824
13072819
13072813
13072802
13072008
13071946
13071894
13071850
13065010
13064993
13064960
13064894
13064759
13064743
13064717
13064678
13064651
13064504
13064451
13064424
13064355
13064324
13063967
13061348
13060668
13060657
13060649
13060641
13060514
13060490
13060479
13060450
13060292
13060033
13054226
13046697
13046673
13046652
13046603
13046541
13046379
13046345
13046310
13046274
13045233
13045003
13044891
13044802
13044630
13044579
13044493
13044101
13042174
13040221
13039773
13039735
13039359
13035168
13035151
13035130
13035110
13035109
13035079
13035062
13035040
13035016
13034412
13033884
13033753
13033746
13033713
13033652
13033291
13033273
13031002
13030805
13030697
13030192
13029928
13029586
13029215
13028710
13028544
13028001
13027794
13027732
13027654
13027538
13025683
13025576
13025028
13023756
13023366
13022854
13022671
13022497
13022456
13022334
13021619
13021456
13021443
13021436
13021425
13021221
13021209
13021203
13021197
13021192
13021183
13021107
13021102
13021095
13021084
13021074
13020114
13019663
13019564
13019508
13019352
13018969
13013994
13011444
13011048
13010891
13008937
13008843
13008815
13008787
13008760
13008739
13008713
13008683
13008660
13008628
13008579
13008550
13008526
13008505
13008477
13008453
13008420
13008392
13008348
13008323
13008283
13008281
13008259
13008227
13008211
13008165
13007316
13007122
13007054
13007030
13006967
13006957
13006928
13006912
13006894
13006860
13006783
13006697
13006280
13006157
13006141
13006109
13006046
13005990
13005538
13000615
13000604
13000587
13000562
13000546
13000540
13000528
13000517
13000508
13000197
12999748
12995377
12995363
12995346
12995321
12994866
12993484
12993441
12993440
12993439
12993438
12993437
12993436
12993435
12993433
12993432
12993431
12993430
12993428
12993427
12993425
12993423
12993422
12993421
12993419
12993418
12993416
12988013
12987755
12987672
12987290
12987276
12987236
12987123
12987122
12987065
12987050
12986992
12986991
12986939
12986922
12986862
12986810
12986615
12986593
12986570
12986555
12986547
12986416
12986316
12986049
12985876
12985781
12985713
12985570
12985241
12985142
12985052
12985030
12984790
12984688
12984616
12984451
12980852
12980660
12980238
12975759
12975225
12973814
12973633
12973571
12973523
12973332
12973309
12972845
12972036
12971944
12971738
12971459
12971418
12971347
12971073
12970525
12970355
12970291
12969044
12968337
12965974
12965038
12964753
12963938
12962064
12961970
12961792
12961765
12961697
12961675
12961637
12961598
12961575
12961410
12961384
12961365
12961344
12961299
12961282
12961262
12961241
12961207
12961178
12961099
12961071
12961045
12961006
12960983
12960919
12960879
12960859
12960841
12960815
12960797
12960735
12960692
12960669
12960643
12960589
12960556
12960490
12960457
12959859
12959846
12959836
12959827
12959816
12959810
12959803
12959794
12959786
12959446
12959280
12959161
12959105
12959014
12956937
12956929
12956908
12956300
12956253
12951734
12951666
12951627
12950647
12949824
12949795
12949695
12949483
12949393
12949248
12949173
12949088
12948978
12948881
12948783
12941344
12940827
12940508
12940469
12940408
12940393
12940383
12940380
12940351
12940330
12940319
12940304
12940284
12940271
12940258
12940247
12940225
12940206
12940186
12940163
12940038
12939497
12939395
12939354
12939113
12939088
12938999
12938892
12938882
12938821
12938509
12938279
12938207
12938147
12938042
12937980
12937131
12937045
12936995
12936782
12936741
12936708
12936661
12936573
12936543
12936362
12936247
12936147
12935092
12935070
12935076
12935051
12934871
12933710
12933690
12933665
12933640
12933626
12933602
12933551
12933521
12933437
12933369
12933354
12933345
12933315
12933290
12933264
12933216
12933150
12933134
12933100
12933045
12933021
12932926
12932827
12932747
12931677
12929919
12929225
12927912
12927874
12927841
12927805
12927783
12927732
12927733
12927689
12927658
12927588
12927553
12927512
12927485
12927461
12927431
12926877
12924502
12921231
12921230
12921228
12921226
12921224
12921222
12921220
12921219
12921214
12918685
12918596
12918511
12918184
12918133
12918102
12918008
12917884
12917582
12917413
12917057
12916946
12916880
12916659
12916155
12915982
12915868
12915818
12915778
12915702
12915473
12915434
12915355
12915233
12915167
12915072
12915046
12915032
12915015
12914953
12914920
12914898
12914862
12914831
12914801
12914743
12914702
12914670
12914645
12914615
12914582
12914511
12914416
12914014
12913836
12913795
12913742
12913672
12913639
12913566
12913534
12913439
12913365
12912811
12912761
12912646
12912466
12912382
12912344
12912285
12912200
12912163
12911657
12911587
12911545
12911481
12911463
12911237
12910988
12910592
12910339
12910100
12910010
12909907
12909875
12909820
12909604
12909494
12909415
12908160
12907565
12904946
12904325
12904005
12901915
12899361
12899312
12899157
12899126
12899098
12899089
12898990
12898991
12898968
12898959
12898945
12898931
12898899
12898881
12898871
12898833
12898786
12898775
12898759
12898748
12898740
12898730
12898722
12898711
12898703
12898694
12898684
12898280
12898253
12898224
12898143
12898077
12898042
12897925
12897864
12897753
12897728
12897684
12897651
12897275
12897045
12896087
12896076
12896055
12896028
12896008
12896004
12895990
12895846
12895818
12895792
12895775
12895745
12895736
12895729
12895711
12895701
12895687
12895669
12895648
12895640
12895631
12895592
12895444
12895330
12895285
12895274
12895257
12895242
12895236
12895206
12895197
12895186
12895150
12895133
12895121
12895120
12895099
12895090
12895082
12895072
12895067
12894473
12894441
12892539
12892462
12892411
12892376
12892348
12892322
12892153
12892005
12891879
12891848
12891400
12891333
12888520
12888429
12883661
12882720
12882717
12882433
12882306
12882167
12882133
12882096
12882058
12882014
12881939
12881929
12881864
12881824
12881754
12881723
12881712
12881689
12881658
12881627
12881595
12881579
12881556
12881429
12881416
12881397
12881338
12881327
12881311
12881262
12881241
12881224
12881206
12881189
12881036
12881026
12881023
12881016
12881007
12880988
12880972
12880961
12880950
12880935
12880920
12880907
12880896
12880882
12880445
12880365
12880121
12879803
12879315
12879293
12879278
12879254
12879232
12879217
12879180
12879168
12879144
12879137
12879121
12878872
12878858
12878853
12878846
12878841
12878830
12878824
12878813
12876780
12875568
12874001
12872632
12872409
12872258
12872205
12872169
12869719
12869627
12869597
12869450
12869419
12869404
12869356
12869332
12869311
12869276
12869252
12869231
12869189
12869170
12869124
12869087
12869047
12868973
12868827
12868805
12868779
12868754
12868731
12868708
12868685
12868666
12868635
12867641
12866112
12866105
12866098
12866090
12866080
12866072
12866062
12866055
12866051
12866041
12866032
12866024
12866013
12866005
12865978
12865894
12865889
12865861
12864351
12861968
12861920
12859532
12859518
12859504
12859496
12859484
12859471
12859467
12859458
12859447
12859444
12859432
12859422
12859419
12859407
12859208
12859191
12859180
12859168
12859151
12855821
12854767
12854688
12853413
12853263
12852820
12851805
12850621
12850494
12850406
12850275
12850258
12850233
12850054
12850025
12849894
12849842
12849767
12849730
12849643
12849611
12849586
12849536
12849080
12848604
12847857
12844877
12844435
12844382
12843881
12843782
12843692
12843546
12843220
12843192
12842902
12842811
12841537
12840782
12840758
12840659
12840432
12840344
12840161
12840114
12840112
12839903
12839858
12839706
12839677
12839606
12839587
12839549
12839488
12839473
12839449
12839371
12839354
12839334
12839315
12839261
12838400
12833782
12833679
12833604
12833549
12829973
12829885
12829797
12829729
12828993
12828879
12828624
12828430
12827048
12827031
12826784
12826672
12826642
12825406
12825374
12825356
12825338
12825327
12825149
12825102
12825020
12825004
12824992
12824974
12824966
12824953
12824938
12824908
12824895
12824885
12824868
12824850
12824841
12824831
12824819
12824777
12824763
12824743
12824709
12824696
12824270
12824253
12824213
12824103
12824085
12824067
12824049
12824035
12824018
12824006
12820515
12820452
12819010
12818796
12818783
12818771
12818761
12818729
12818713
12818449
12818387
12818222
12818169
12818147
12818068
12818031
12817997
12811530
12810711
12807061
12807060
12807059
12807056
12807055
12807054
12807053
12807052
12807051
12807049
12807047
12807046
12807045
12807040
12807037
12807036
12807035
12807034
12807033
12807032
12807030
12807020
12807015
12807011
12807007
12807000
12806999
12806998
12806997
12806996
12806993
12806986
12806984
12806970
12806969
12806965
12806963
12806957
12806956
12806946
12806942
12806937
12806934
12806929
12806921
12806919
12806899
12806896
12806891
12806886
12806884
12806882
12806880
12806878
12806877
12806876
12806874
12806872
12806859
12806857
12806855
12806850
12806848
12806847
12806843
12806841
12806839
12806838
12806837
12806835
12806832
12806831
12806828
12806821
12806816
12806811
12806805
12806800
12806794
12806790
12806785
12806779
12806774
12806767
12806761
12805597
12805586
12805578
12805566
12805545
12804891
12804877
12804873
12804868
12804828
12804819
12804805
12804793
12804790
12804783
12804775
12804762
12804752
12804736
12804729
12804724
12804720
12804710
12804711
12804706
12804703
12804696
12804697
12804692
12804690
12804684
12804685
12804680
12804678
12804673
12804672
12804669
12804667
12804665
12804662
12804653
12804654
12804650
12804647
12804620
12804574
12804324
12804318
12804313
12804297
12804291
12804284
12804252
12804240
12804232
12804208
12804203
12804193
12804127
12804112
12804088
12804081
12803798
12802529
12802489
12802477
12802462
12802441
12802427
12802265
12802177
12802152
12802136
12802110
12802098
12802008
12801990
12801977
12801925
12801910
12801903
12801871
12801841
12801812
12801792
12801757
12801676
12801660
12801640
12801607
12801584
12801567
12801535
12801514
12801487
12801357
12801175
12801163
12801085
12800658
12800612
12800606
12800132
12800055
12799958
12799938
12799574
12798749
12798647
12798599
12797102
12796941
12796741
12796624
12796536
12796224
12796032
12795917
12795525
12795475
12795369
12795340
12795165
12795043
12794931
12794724
12794590
12794295
12793961
12793310
12793151
12791404
12790385
12790348
12789864
12789800
12789529
12789425
12789006
12788972
12788943
12788918
12788870
12788811
12788466
12788430
12788388
12788165
12788008
12787935
12787886
12787748
12787628
12787603
12787394
12787299
12787165
12787112
12787027
12786745
12786451
12785691
12785598
12785560
12785516
12785430
12785366
12785289
12785236
12785195
12785150
12785095
12784828
12784717
12784691
12784666
12784659
12784644
12784639
12784616
12784595
12784583
12784573
12784549
12784495
12784471
12784443
12784374
12784309
12784233
12784194
12784184
12784101
12784070
12784052
12784022
12783995
12783951
12783923
12783901
12783766
12783568
12783517
12783121
12783097
12783054
12782936
12782867
12782832
12782803
12782772
12782412
12782360
12782026
12781808
12781778
12781737
12781668
12780253
12779922
12777521
12775060
12774719
12774681
12774658
12774616
12774310
12774286
12774232
12774174
12774142
12773456
12773429
12773385
12773349
12773330
12773299
12773279
12773229
12773170
12771506
12766598
12766401
12766337
12765734
12764220
12764191
12764131
12764089
12764021
12761712
12758212
12758194
12758170
12758157
12758125
12758095
12757370
12757308
12757241
12756597
12756554
12756517
12756493
12756461
12755946
12755932
12755913
12755899
12755863
12755837
12755596
12755545
12755169
12755105
12754991
12754927
12754873
12754477
12754360
12754213
12753791
12753767
12753454
12753354
12753308
12753291
12753277
12753257
12753244
12753230
12753208
12753104
12752860
12752834
12752075
12751330
12751264
12750487
12750463
12750350
12750320
12750266
12750129
12749681
12749400
12749368
12749327
12749311
12746806
12746785
12746384
12746365
12746337
12746306
12746290
12746277
12746242
12746216
12744680
12744675
12744670
12744649
12744638
12744625
12744615
12744603
12744598
12744590
12744583
12744573
12744564
12744556
12744541
12744537
12744234
12743841
12743600
12741282
12740492
12740046
12739681
12739530
12739500
12739489
12739477
12739467
12739420
12739391
12739372
12739360
12739337
12739273
12739253
12739240
12739217
12739181
12739141
12739114
12739068
12739028
12739005
12738983
12738937
12738921
12738907
12738866
12738834
12738786
12738652
12738559
12738552
12738513
12738490
12738479
12738473
12738463
12738447
12738418
12738398
12738385
12738307
12738303
12738260
12738208
12738187
12738181
12738168
12738159
12738118
12738115
12738066
12738027
12737955
12737912
12737875
12737821
12737583
12737555
12737389
12737350
12737126
12737023
12736958
12736855
12736760
12736721
12736696
12736669
12736624
12736520
12736306
12736270
12736227
12736200
12736156
12736152
12736024
12735921
12735887
12735834
12735777
12735629
12735506
12735394
12735275
12735247
12735228
12735202
12735117
12735093
12735075
12734980
12734913
12734736
12734583
12731662
12729096
12728805
12728767
12728552
12728499
12728483
12728450
12728413
12728281
12728157
12728065
12727954
12727889
12727773
12727647
12727581
12727500
12727256
12727210
12727188
12727104
12727060
12727011
12726967
12726942
12726842
12726807
12726696
12726636
12726620
12726561
12726533
12726508
12726482
12726391
12726357
12726241
12726195
12726157
12726140
12726047
12726001
12725810
12725604
12725457
12725399
12725339
12725310
12725214
12725209
12724956
12724877
12724739
12724643
12724427
12724240
12724208
12724112
12724090
12724059
12723983
12723927
12723818
12723777
12723774
12723728
12723295
12723125
12723031
12723000
12722969
12722953
12721936
12721813
12721687
12721546
12719058
12718966
12718943
12718894
12718850
12718750
12718641
12718386
12717646
12717601
12717202
12717171
12716602
12716480
12716283
12715385
12715356
12713151
12713110
12712947
12711836
12711739
12711425
12711268
12710793
12708576
12708489
12708374
12708311
12708226
12706748
12704015
12703967
12703883
12703860
12703802
12703760
12703732
12703719
12703706
12703688
12703664
12703643
12703640
12703601
12703586
12703572
12702554
12702436
12702283
12702147
12702088
12702029
12701976
12701938
12701861
12701566
12699872
12699839
12699812
12699127
12698714
12696725
12696161
12696142
12696125
12696004
12695954
12695504
12695495
12695483
12695451
12695363
12695357
12695348
12695328
12695290
12695273
12695246
12695234
12695227
12695221
12695213
12695176
12695134
12695115
12695101
12695079
12695069
12695065
12695021
12694990
12694977
12694966
12694956
12694865
12694733
12694389
12694122
12694099
12693890
12693785
12693707
12692821
12692774
12692743
12692716
12692663
12692632
12692601
12692549
12692442
12692217
12692195
12692189
12692176
12692140
12692109
12692059
12692025
12691966
12691924
12691860
12691820
12691703
12689979
12687057
12686569
12685756
12685381
12684544
12684512
12684077
12683415
12683155
12683135
12682846
12682826
12682812
12682792
12682774
12682753
12682736
12682718
12682572
12681955
12681708
12681615
12681527
12681101
12680974
12677283
12677134
12677130
12677128
12677125
12677123
12677122
12677120
12677118
12677115
12677114
12677113
12677108
12677102
12677099
12677098
12677097
12677095
12677094
12677093
12677091
12677089
12677088
12677087
12677084
12677083
12677082
12677081
12677080
12677079
12677078
12677077
12674810
12674788
12674759
12674730
12674708
12674688
12674660
12673999
12669880
12669409
12669341
12669268
12669210
12669132
12669069
12669040
12668996
12668960
12668885
12668837
12668809
12668807
12668723
12668625
12668614
12667747
12667172
12666933
12665879
12665317
12665280
12664947
12664946
12664867
12664859
12664781
12664597
12664517
12664401
12664329
12664304
12664076
12663949
12663815
12663759
12663643
12663638
12663301
12663253
12662744
12662584
12662539
12662433
12662398
12662346
12662281
12662243
12662234
12662155
12662149
12662113
12662076
12662074
12662045
12662001
12661974
12661950
12661939
12661897
12661845
12661823
12661799
12661782
12661760
12661721
12661698
12661658
12661517
12661396
12661326
12661288
12661261
12661225
12661193
12661140
12661045
12660921
12660563
12660437
12659895
12659693
12658363
12657970
12657660
12657172
12656766
12656643
12656539
12656512
12655680
12652511
12652491
12652437
12652367
12652343
12652323
12652305
12652271
12652252
12652213
12652181
12652110
12652077
12652057
12651798
12651642
12651639
12651583
12651564
12651545
12651532
12651486
12651472
12651434
12651419
12651402
12651376
12651331
12651307
12651279
12651255
12651174
12651163
12651059
12650946
12650836
12650673
12650518
12650061
12649755
12649722
12649603
12649448
12649191
12649082
12648884
12648693
12648679
12648595
12648522
12648424
12648331
12647934
12647699
12647659
12647652
12647516
12647449
12647445
12647438
12647401
12647348
12647335
12647304
12647293
12647270
12647258
12647241
12647210
12647207
12647173
12647167
12647153
12647143
12647115
12647112
12647111
12647105
12646883
12646822
12646719
12646620
12646586
12646564
12646530
12646469
12646416
12646365
12646337
12646316
12646234
12646094
12646079
12646049
12646016
12645949
12645922
12645900
12645857
12645828
12645802
12645753
12645724
12645688
12645632
12645579
12645411
12645402
12645393
12645379
12645374
12645367
12645358
12645350
12645347
12645342
12645335
12645325
12645313
12645301
12645269
12645231
12645220
12645210
12643310
12643224
12643156
12643025
12642580
12642255
12642150
12641746
12641516
12641497
12641469
12641448
12641421
12641412
12641364
12641244
12638840
12638136
12637820
12637766
12637676
12637210
12637182
12637132
12637041
12636995
12636383
12636372
12636362
12636350
12636338
12636326
12636306
12636283
12636256
12636206
12636022
12635936
12635920
12634235
12634178
12633281
12632906
12632093
12632016
12631925
12631781
12631707
12631622
12631572
12631487
12631398
12631384
12631367
12631333
12631170
12631146
12631137
12631099
12631087
12631073
12631051
12631040
12631033
12630838
12630810
12630620
12630604
12630590
12630555
12630552
12630531
12630462
12630418
12630392
12630373
12630343
12630317
12630300
12630295
12630284
12630245
12630219
12630187
12630179
12630106
12630044
12630029
12630016
12630004
12629988
12629978
12629962
12629878
12629743
12629551
12629512
12628893
12628739
12628367
12628116
12627860
12627581
12627409
12627392
12627319
12627296
12627286
12627282
12627280
12627275
12627264
12627260
12627253
12627248
12627246
12627241
12627237
12627225
12627220
12627209
12627208
12626972
12626970
12626967
12626961
12626959
12626958
12626954
12626946
12626945
12626944
12626942
12626937
12626931
12626910
12626909
12626908
12626905
12625648
12625469
12625139
12624255
12624003
12623964
12623943
12623866
12623847
12623706
12623688
12623636
12623531
12623468
12623425
12623416
12623407
12623262
12623229
12623165
12622830
12621635
12619929
12619811
12619578
12619518
12619503
12619481
12619470
12619439
12619266
12619233
12619230
12619175
12619159
12619124
12619099
12619083
12619042
12619031
12619023
12618940
12618887
12618799
12618777
12618745
12618727
12618722
12618603
12618569
12618540
12618501
12618500
12618406
12618283
12618201
12617996
12617835
12617785
12617573
12617550
12617476
12617405
12617403
12617199
12616873
12616817
12616164
12616127
12616102
12616094
12616085
12616083
12616074
12616060
12616033
12616032
12616010
12615999
12615982
12615973
12615952
12615938
12615939
12615923
12615910
12615898
12615886
12615868
12615857
12615841
12615827
12615810
12615797
12615785
12615776
12615766
12615742
12615457
12615420
12615410
12615398
12615387
12615379
12615363
12615349
12615348
12615325
12615313
12615306
12615274
12615256
12615209
12615184
12615167
12615138
12615108
12614957
12614403
12614393
12614376
12614368
12614358
12614350
12614337
12614320
12614307
12614305
12614295
12614284
12614277
12614272
12614241
12614226
12614214
12614203
12614198
12614192
12614181
12614167
12614156
12614154
12614142
12614084
12614078
12614043
12613994
12613976
12613898
12613871
12613854
12613840
12613833
12613827
12613821
12613813
12613782
12613758
12613751
12613737
12613726
12613716
12613705
12613687
12613670
12613651
12613631
12613614
12613592
12613579
12613569
12613513
12613499
12613486
12613478
12613460
12613422
12613415
12613404
12613386
12613368
12613350
12613331
12613314
12613302
12613287
12613268
12613254
12613250
12613240
12613229
12613040
12612729
12612725
12612550
12612487
12612389
12612360
12612357
12612327
12612315
12612295
12612296
12612288
12612280
12612272
12612266
12612187
12612181
12612132
12612048
12611961
12611933
12611901
12611780
12611152
12611132
12611123
12610754
12610750
12610702
12610685
12610682
12610675
12610671
12610665
12610660
12610646
12610648
12610411
12610359
12610348
12610199
12610162
12610027
12610002
12609988
12609978
12609956
12609944
12609937
12609919
12609911
12609894
12609879
12609868
12609853
12609839
12609837
12609824
12609800
12609789
12609776
12609763
12609752
12609730
12609718
12609703
12609690
12609688
12609680
12609669
12609665
12609661
12609650
12609647
12609630
12609623
12609605
12609604
12609581
12609566
12609555
12609552
12609536
12609521
12609507
12609473
12609412
12609395
12609377
12609374
12609370
12609371
12609364
12609357
12609353
12609322
12609313
12609311
12609293
12609277
12609218
12609184
12609134
12609108
12609085
12609065
12608699
12608424
12608319
12607941
12607673
12607366
12606605
12606556
12606543
12606264
12606248
12605824
12605400
12605274
12605214
12605166
12605127
12605018
12604807
12604299
12604036
12604033
12603991
12603978
12603889
12603852
12603819
12603658
12603644
12603633
12603620
12603614
12603599
12603583
12603572
12603567
12603559
12603531
12603518
12603512
12603492
12603476
12603453
12602926
12602922
12602912
12602893
12602843
12602836
12602797
12602780
12602724
12602679
12602664
12602637
12602634
12602621
12602614
12602584
12602559
12602369
12602224
12602160
12601932
12601890
12601871
12601869
12601858
12601851
12601837
12601827
12601821
12601814
12601789
12601770
12601761
12601753
12601742
12601734
12601724
12601714
12601640
12601589
12601578
12601515
12601469
12601433
12601258
12601244
12601230
12601219
12601190
12601142
12601107
12601053
12601031
12601019
12600911
12600908
12600894
12600864
12600821
12600788
12600719
12600715
12600687
12600677
12600662
12600511
12600496
12600350
12600341
12600243
12600206
12599677
12599666
12599652
12599241
12599183
12599174
12599150
12599138
12599110
12599091
12599021
12598991
12598902
12598623
12598597
12598511
12598420
12595555
12579239
12568281
