302214543
295452645
295245089
295133054
295132765
295071419
295054374
295054137
294942177
294831829
294816849
294802997
294747263
294542839
294542741
294542631
294542530
294542383
294542297
294542169
294542070
294541899
294541770
294541597
294501783
294495674
294327759
294327556
294327274
294136042
294027830
293973993
293973967
293973920
293973886
293973843
293973813
293973759
293973720
293973682
293973653
293973594
293971505
293971474
293971436
293971378
293971343
293971285
293971230
293971179
293971140
293963662
293963629
293963600
293963551
293963522
293963483
293963435
293949682
293861198
293859161
293744897
293744798
293744638
293739692
293732902
293723962
293715952
293715760
293666163
293665883
293665560
293659798
293434334
293433873
293406835
293374172
293366573
293339733
293338464
293338381
293286143
293188152
293151327
292817639
292762514
292714438
292653521
292381811
292334622
292145586
292145410
292145278
292145124
292144936
292144803
292144623
292144478
292144317
292144129
292143671
292143545
292143392
292143235
292143038
292142909
292142780
292142632
292142485
292141052
292140502
292140331
292140191
292140024
292139830
292139565
292139385
292139228
292139077
292138853
292138490
292138218
292138008
292137858
292137693
292137419
292137134
292128889
292111889
292097424
292066171
292066032
292065925
292065793
292065618
292061589
292061167
292061152
291932011
291904141
291881118
291858673
291845206
291844910
291814125
291813920
291798653
291798438
291798244
291603598
291603381
291603060
291602598
291576864
291546279
291537694
291527251
291527096
291526891
291526706
291430017
291363094
291358977
291327928
291286394
291228519
291177764
291166711
291161524
291161443
291161367
291161215
291161120
291161014
291160918
291160805
291160648
291160471
291160345
291085016
291046789
291046773
291046730
291046635
290799066
290798560
290798152
290731437
290702762
290518689
290474793
290473695
290473462
290401070
290400406
290400067
290399354
290398761
290398056
290397722
290397187
290395953
290395490
290395146
290394891
290394608
290237842
289987894
289963489
289930174
289930111
289925087
289925003
289924063
289923971
289923890
289923784
289923688
289923534
289916302
289915637
289836508
289836296
289787289
289786971
289786850
289786561
289784757
289709021
289709010
289684647
289598517
289561598
289561283
289561003
289560578
289560370
289560147
289364838
289345758
289318168
289313933
289293473
289284293
289104088
289084294
289033529
288916261
288915783
288915511
288915122
288914487
288914175
288913855
288913670
288913478
288913328
288913134
288912989
288912743
288912616
288912419
288912099
288911737
288911495
288873604
288827152
288824664
288818188
288818084
288817965
288817870
288817762
288817627
288817517
288739998
288739556
288738869
288738324
288737761
288737326
288660405
288628675
288622080
288620924
288579898
288579589
288567958
288535468
288467744
288409480
288341937
288341773
288341627
288341496
288341379
288341232
288341117
288340976
288340789
288331573
288300618
288297411
288297077
288296838
288293202
288292969
288292665
288292373
288290863
288290501
288290014
288289623
288289287
288288774
288288316
288222367
288217230
288196794
288194788
288135713
288114237
288112408
288094918
288090242
288086399
288084558
288079478
288077540
288076230
288074954
288067584
288067246
288066274
288064247
288060419
288058241
287826455
287708039
287706989
287705970
287685872
287681067
287680926
287680758
287680638
287680426
287645796
287631459
287564330
287561357
287481455
287470031
287469908
287469731
287469612
287469393
287469280
287469102
287467651
287448203
287431204
287431077
287430851
287418748
287414323
287414083
287307148
287302799
287302582
287270777
287220414
287212939
287211968
287209529
287208407
287206936
287190439
287189948
287189530
287189288
287188980
287186207
287181559
287181052
287180756
287179768
287178252
287173444
287161890
287160498
287159925
287109968
287107770
287107155
287105975
287104393
287090613
287029793
287022529
287022326
287016835
287008788
286987123
286953059
286906427
286900639
286898901
286890858
286888193
286883890
286881061
286880921
286880684
286880598
286880417
286880072
286878333
286869228
286863536
286859496
286858586
286858437
286855788
286855481
286855365
286854661
286853774
286845187
286836100
286821072
286806296
286798515
286798003
286797909
286797333
286795007
286732484
286731342
286710278
286710049
286709456
286709271
286709093
286708751
286708526
286708364
286708126
286707934
286707757
286707547
286707347
286707146
286706755
286706532
286706270
286705952
286705768
286705485
286649340
286649180
286649010
286648393
286580694
286572342
286562675
286545110
286494604
286458090
286457988
286457872
286457412
286417804
286417005
286384314
286384256
286384198
286384091
286383566
286378567
286212951
286144687
286119633
286119121
286118649
286118354
286105772
286104667
286096378
286088257
286088046
286087635
286087272
286086599
286086335
286085926
286085151
286027289
286021133
285997169
285995860
285942741
285942687
285942627
285942569
285942488
285942411
285942364
285942330
285942312
285942279
285942238
285942190
285941070
285929690
285929280
285929165
285928960
285928642
285928518
285898571
285895379
285895303
285895214
285895138
285895030
285894949
285894884
285894814
285894681
285894518
285893606
285883189
285882567
285854242
285852787
285852229
285847612
285847481
285847335
285845912
285829662
285824734
285824602
285824256
285811054
285806446
285804731
285804138
285803679
285800826
285800447
285799540
285797133
285765224
285756128
285756000
285755881
285755648
285745897
285419540
285416262
285403836
285387614
285380899
285556572
285420603
285420517
285420449
285420363
285420281
285420184
285420089
285419981
285416848
285415163
285414459
285405633
285403977
285403736
285403663
285403552
285385360
285383590
285383511
285381264
285381053
285366561
285358938
285358860
285358777
285357311
285357243
285357146
285307139
285307074
285307032
285306974
285306921
285306871
285295219
