14227127
14226493
14222928
14218747
14213920
14210826
14210756
14210507
14205200
14196396
14189477
14188865
14185019
14184955
14181517
14179665
14179474
14179395
14179334
14179288
14179141
14179091
14178946
14178876
14178821
14178604
14177587
14167931
14160438
14159761
14159346
14152250
14151800
14151313
14150526
14149896
14149552
14148706
14148196
14147889
14147500
14147046
14146637
14146325
14145762
14145538
14145120
14141432
14139240
14139039
14131773
14131659
14131558
14131529
14131467
14131396
14131327
14131306
14131277
14131190
14127075
14126654
14124812
14124551
14124476
14124364
14124199
14124028
14123751
14123698
14123508
14123358
14123271
14123157
14122917
14122770
14122717
14122700
14122620
14122339
14122245
14112416
14112356
14109643
14106664
14105080
14104952
14104539
14104374
14103106
14100540
14100494
14100351
14099954
14099543
14099473
14099433
14099362
14099337
14099297
14099271
14099231
14099185
14099001
14098953
14098926
14098894
14098851
14098828
14098643
14092770
14092204
14088691
14077135
14076734
14072973
14072711
14072255
14070161
14070014
14069770
14069488
14068986
14068945
14068669
14068434
14068429
14068387
14068298
14068288
14068262
14068194
14067977
14067671
14067621
14067559
14067391
14067375
14067326
14067278
14067196
14067168
14067146
14067124
14067109
14067059
14067053
14066983
14066950
14066744
14066700
14066654
14066481
14066228
14066077
14054914
14052432
14052235
14049796
14049767
14049742
14049677
14049669
14049578
14048901
14041978
14040764
14038408
14037175
14035587
14033791
14031102
14029579
14024185
14024026
14023881
14023746
14023656
14023340
14023228
14023008
14022557
14022351
14022024
14021770
14015306
14015096
14015006
14014911
14014727
14014643
14014606
14014592
14014364
14014169
14014149
14014121
14013928
14013858
14013825
14013796
14013449
14013418
14013066
14012881
14012843
14012828
14012806
14012619
14012245
14012219
14012190
14012163
14012108
14012079
14012025
14011955
14011959
14011762
14011686
14011632
14011549
14011492
14011464
14011338
14011274
14011144
14011099
14010907
14010805
14010617
14010519
14010428
14010375
14009865
14009805
14009772
14009613
14009502
14009407
14009166
14009092
14008931
14008840
14008368
14008279
14008269
14008237
14008124
14008063
14008034
14007959
14007901
14007748
14007730
14007630
14006848
14006731
14005593
14003899
14002572
14001674
13993403
13993131
13993040
13993011
13991897
13991754
13991465
13991146
13987359
13987176
13987062
13986994
13986549
13986464
13986203
13985807
13985704
13985219
13985073
13979928
13977473
13972435
13971473
13971454
13971405
13971387
13971352
13971327
13971310
13971291
13971257
13971228
13971208
13970983
13970852
13970832
13970629
13970605
13970466
13970298
13970098
13970056
13969530
13967911
13966414
13964304
13964146
13964129
13964074
13964020
13963615
13963535
13963401
13963349
13963331
13963275
13963263
13963254
13963183
13963147
13963141
13963030
13962999
13962973
13962927
13962890
13962894
13962847
13962839
13962812
13962800
13962619
13962520
13962438
13962416
13962370
13962381
13962267
13962269
13962195
13962024
13961976
13961970
13961904
13961781
13961740
13961689
13961690
13961650
13961615
13961598
13961487
13961461
13961429
13961391
13961305
13961116
13961035
13961010
13960986
13960864
13960861
13960821
13960766
13960714
13960635
13960583
13960534
13960507
13960471
13960469
13960444
13960368
13960316
13960280
13960142
13960088
13960044
13959968
13959928
13959295
13958627
13958298
13957211
13956907
13956112
13955464
13955410
13954394
13954147
13953817
13953648
13953462
13953179
13952769
13951095
13949264
13948773
13947706
13947569
13947385
13947207
13947012
13946779
13946461
13946201
13945781
13945725
13945654
13945455
13945392
13945302
13945113
13945078
13944915
13944777
13944746
13944595
13944580
13944530
13944315
13944204
13944175
13944136
13944065
13944021
13943956
13943810
13943721
13943705
13943691
13943671
13943655
13943637
13943594
13943575
13943557
13943543
13943523
13943470
13943461
13943443
13943362
13943188
13943164
13943142
13942582
13942352
13942072
13941673
13939065
13938050
13935414
13931739
13927974
13924700
13922300
13921251
13921157
13921095
13921041
13917951
13917860
13914881
13914631
13914544
13914241
13913909
13912584
13910322
13909931
13909535
13908936
13908189
13908093
13906898
13906867
13906755
13906606
13906497
13906452
13906140
13905832
13905627
13903741
13902022
13901637
13900564
13899911
13899687
13899100
13898806
13898437
13898214
13898166
13898147
13898129
13896898
13896599
13896326
13895300
13895259
13895205
13895163
13895138
13895129
13895038
13894993
13894951
13894865
13894045
13893200
13891807
13889462
13889114
13889083
13888743
13888010
13887809
13887092
13886782
13886099
13885565
13884052
13882791
13882730
13882304
13882018
13879239
13878474
13877721
13877584
13877508
13877246
13876895
13876180
13875989
13875870
13875646
13875531
13875236
13875060
13874995
13874993
13874893
13874888
13874832
13874803
13874774
13874486
13874357
13874120
13874020
13873902
13873780
13873634
13873322
13873219
13873081
13873001
13872916
13872590
13871730
13869987
13869851
13869701
13861818
13861302
13858298
13858056
13857845
13857805
13857721
13857705
13857673
13857543
13857514
13857451
13857439
13857417
13857396
13857360
13857333
13857298
13857274
13857246
13857225
13857213
13857160
13857136
13857085
13857053
13857028
13856964
13856945
13856936
13856916
13856900
13856883
13856863
13856801
13856782
13856764
13856736
13856523
13850407
13849675
13849624
13849562
13849560
13849559
13849550
13849548
13849541
13849539
13849502
13849485
13849483
13849478
13849476
13849446
13849415
13849384
13849355
13849352
13849349
13849345
13849341
13849335
13849330
13849200
13849194
13849143
13849137
13849123
13849032
13849025
13849013
13848988
13848983
13848975
13848845
13848806
13848797
13848735
13848672
13848660
13848648
13848404
13848339
13848333
13848330
13847868
13847130
13846779
13846037
13846017
13845884
13845523
13844618
13844520
13843858
13843748
13843448
13843389
13843367
13843253
13843211
13843120
13843065
13843038
13843034
13842886
13842842
13842784
13842723
13842708
13842663
13842656
13842602
13842574
13842561
13842515
13842466
13842432
13842397
13842274
13842199
13842165
13842102
13842074
13842026
13841903
13841864
13841713
13841642
13841585
13841540
13841517
13841450
13841384
13841329
13841247
13841193
13841151
13841098
13840915
13840843
13840798
13840737
13840295
13840090
13839986
13837685
13837601
13837562
13837520
13837478
13837417
13837372
13837264
13837219
13837080
13837048
13837028
13836986
13836963
13836908
13836815
13836774
13836731
13836700
13836566
13836556
13836401
13836340
13836312
13836290
13836232
13836194
13836050
13836033
13836009
13835768
13834954
13833574
13831958
13830528
13829651
13828512
13828098
13827795
13826627
13825876
13825387
13825156
13824807
13824763
13824688
13824411
13824361
13824236
13822578
13821957
13821772
13821611
13821484
13821423
13821363
13821284
13820966
13820455
13820337
13820162
13819950
13819872
13819817
13819707
13819629
13819574
13819427
13818972
13818918
13818870
13818818
13818804
13818716
13818601
13818524
13818497
13818277
13818107
13818103
13818026
13817972
13817688
13817545
13817460
13817377
13817259
13816906
13816696
13816549
13816482
13816356
13816353
13816277
13816226
13816199
13816151
13816109
13815962
13815958
13815954
13815899
13815898
13815833
13815829
13815784
13815531
13815413
13815369
13815199
13815116
13815097
13814976
13814923
13814847
13814648
13814522
13814279
13814150
13814139
13813936
13813816
13813737
13813588
13813526
13813480
13811862
13809879
13809584
13809299
13809177
13809075
13808957
13808839
13807858
13807555
13807257
13807167
13806953
13806868
13806819
13806714
13806678
13806657
13806605
13806560
13806522
13806506
13806474
13806357
13806324
13806262
13806186
13806146
13806109
13806059
13805983
13805911
13805826
13805673
13805627
13805586
13805529
13805456
13805163
13805093
13805021
13804982
13804948
13804890
13804822
13804816
13804727
13804667
13804493
13804331
13804099
13804045
13803959
13803748
13803647
13803594
13803497
13803356
13803313
13803311
13803278
13803250
13803228
13803177
13803163
13803132
13803098
13803048
13803003
13802978
13802911
13802826
13802797
13802764
13802759
13802686
13802673
13801926
13801621
13801139
13801110
13800830
13800702
13800547
13800530
13800408
13800301
13800150
13800104
13799631
13799266
13799259
13799203
13799161
13798890
13798812
13798615
13798529
13798162
13798002
13797974
13797395
13796601
13795903
13795766
13795527
13794452
13794417
13794316
13793053
13792967
13792859
13792756
13792691
13792620
13792500
13792447
13792157
13792020
13791974
13791831
13791421
13791329
13791292
13791264
13790270
13789771
13788928
13788728
13788281
13787594
13787484
13786479
13786463
13786439
13786413
13786387
13786352
13786328
13786312
13786249
13786225
13786172
13786151
13786141
13786124
13786100
13786064
13786053
13786020
13785971
13785955
13785882
13785873
13785859
13785771
13785753
13785724
13785706
13785679
13785114
13785085
13785037
13784970
13784886
13784878
13784831
13784790
13784674
13784606
13784588
13784568
13784533
13784518
13784498
13784450
13784396
13784298
13784245
13784210
13784164
13784137
13784122
13784104
13784096
13784072
13784015
13783984
13783894
13783828
13783767
13783711
13783644
13783609
13783556
13783511
13783464
13783422
13783112
13783044
13782953
13782897
13782831
13782748
13782582
13782540
13782465
13782340
13782220
13782213
13781970
13781940
13781741
13781575
13781498
13781293
13781104
13780927
13780708
13780612
13780543
13780354
13780211
13780155
13780115
13779900
13779701
13779684
13779586
13779480
13779438
13779431
13779413
13778913
13778787
13778660
13778560
13778490
13778427
13778390
13778346
13778285
13778270
13778266
13778206
13778148
13778090
13778037
13777939
13777837
13777836
13777506
13777328
13777111
13777070
13776988
13776885
13776729
13776644
13776273
13776102
13775736
13774873
13774807
13774710
13774650
13774434
13774353
13774319
13774177
13774065
13773884
13773770
13773755
13773485
13773361
13773110
13773102
13772482
13772444
13772368
13772240
13772228
13772198
13772050
13771986
13771944
13771937
13771852
13771785
13771592
13771525
13771503
13771494
13771412
13771380
13771350
13771333
13771327
13771183
13771135
13771043
13770995
13770963
13770273
13770160
13770027
13769886
13769833
13769583
13769575
13769510
13769426
13769358
13769310
13769235
13769219
13769171
13769115
13769086
13769053
13768927
13768920
13768921
13768802
13768765
13768609
13768497
13768458
13768370
13768289
13768267
13768253
13768239
13768213
13768144
13768142
13768119
13768114
13768106
13768102
13768099
13768090
13768086
13768074
13768044
13768028
13768002
13767962
13767936
13767926
13767867
13767836
13767807
13767804
13767758
13767736
13767706
13767631
13767459
13767443
13767207
13767166
13767140
13767014
13766978
13766594
