18819909
18819846
18813874
18813629
18797223
18797167
18797157
18796982
18783039
18776129
18771830
18761993
18761913
18761844
18761702
18761597
18761520
18761437
18761310
18760847
18749182
18744242
18744145
18743464
18743357
18731487
18721970
18710574
18710170
18709794
18709265
18708493
18706924
18706854
18706796
18706744
18706535
18706270
18705735
18705531
18702065
18701136
18700473
18700277
18698123
18690087
18686059
18683260
18663732
18663449
18663399
18663355
18663349
18663331
18663322
18663310
18663217
18663198
18663177
18663170
18663159
18663095
18662922
18662900
18662797
18662789
18662778
18662765
18662758
18662754
18662743
18662639
18662406
18662384
18662368
18662354
18662291
18661846
18661829
18661789
18661760
18661728
18661650
18661628
18661503
18661472
18660878
18660823
18660794
18660783
18660732
18660644
18660556
18660514
18660484
18660413
18655755
18653855
18648376
18645753
18645707
18645655
18645608
18645573
18645529
18645479
18644124
18643791
18643728
18643703
18643463
18642681
18641097
18628430
18628332
18628271
18627773
18627272
18625343
18625258
18625059
18624158
18614994
18611763
18611296
18610749
18610627
18609549
18603574
18601291
18588313
18587877
18587341
18586944
18586714
18586569
18586472
18586042
18585965
18585888
18585732
18585668
18585580
18585115
18584919
18584752
18584635
18584313
18583915
18583443
18583224
18581816
18581659
18581313
18581100
18580551
18580527
18580456
18580347
18580314
18580248
18580195
18580104
18580102
18580065
18580046
18580004
18579975
18579925
18579885
18579857
18579720
18579615
18579525
18579487
18579378
18579236
18579121
18578764
18578640
18578213
18578108
18578043
18577958
18577913
18577852
18577488
18576926
18576813
18576675
18576517
18576447
18576106
18575921
18575809
18575310
18575148
18575078
18574836
18572998
18571273
18571048
18570926
18570797
18570710
18570610
18570463
18570362
18570295
18570191
18569985
18569925
18569897
18569832
18569794
18569765
18569729
18569713
18569679
18569646
18569633
18569617
18569595
18569576
18569551
18569498
18569484
18569464
18569450
18569429
18569394
18569372
18569348
18569317
18569290
18569260
18569234
18569208
18569187
18569156
18569040
18569006
18568920
18568896
18568877
18568844
18568803
18568773
18568752
18568729
18568692
18568663
18568639
18568608
18567283
18565028
18562028
18558881
18558671
18558417
18558348
18558307
18558229
18558181
18558050
18558007
18557959
18557946
18557925
18557910
18557271
18554566
18553691
18547455
18534380
18533649
18524205
18524106
18524043
18524011
18523902
18523883
18523763
18523748
18521781
18521697
18521542
18521536
18521530
18521519
18521511
18520414
18517281
18517030
18516945
18516418
18515829
18512149
18512136
18512054
18511986
18511882
18511801
18511760
18511717
18506311
18502195
18500955
18499172
18498920
18498766
18498737
18498397
18497404
18496659
18496526
18496161
18495335
18495000
18494711
18494698
18494688
18494678
18494673
18494668
18494663
18494654
18494649
18494646
18494639
18494542
18494533
18494527
18494520
18494513
18494508
18494506
18494499
18494439
18494434
18494423
18494415
18494374
18494366
18494358
18494346
18494340
18493458
18493448
18493440
18493425
18493419
18493416
18493215
18493207
18493200
18493203
18493190
18493184
18493178
18493099
18482894
18481081
18477105
18476910
18476411
18476164
18475918
18475674
18473863
18473021
18472500
18472245
18472078
18471902
18470910
18469612
18469311
18468863
18468603
18466446
18465843
18465400
18465221
18464989
18464686
18464440
18463479
18462760
18462500
18462411
18462221
18461578
18461183
18459763
18459298
18459053
18458709
18458520
18458242
18457704
18457343
18455031
18454592
18453763
18453460
18450636
18449893
18449805
18449786
18449767
18449663
18449641
18449612
18449595
18449493
18449466
18449445
18449383
18449376
18449359
18449347
18449336
18449305
18449286
18449226
18449207
18449192
18449167
18449142
18449096
18448936
18448527
18448215
18447612
18447420
18446880
18444667
18444625
18444565
18444517
18444476
18444441
18444400
18444353
18444307
18444263
18444223
18444193
18444127
18444082
18444055
18443893
18443861
18443792
18443745
18443445
18443397
18443366
18443214
18443184
18443140
18443114
18443080
18443023
18442996
18442967
18442847
18442812
18442785
18442718
18442667
18442631
18442594
18442548
18442496
18442474
18442444
18442413
18442380
18442196
18442103
18442075
18440761
18436666
18431294
18427060
18426932
18424272
18424162
18423874
18423765
18422803
18415597
18415532
18415414
18415181
18415116
18413400
18411182
18401811
18401462
18401364
18401361
18401294
18401120
18401062
18401023
18400902
18400599
18400391
18400288
18400272
18400163
18400096
18400031
18399889
18399853
18399816
18399735
18399376
18399239
18398993
18398916
18398875
18398808
18398153
18395827
18394753
18392872
18392742
18392605
18392534
18392408
18392059
18392018
18391855
18391822
18391685
18391591
18391106
18391094
18390940
18390731
18390245
18389065
18388807
18388403
18388244
18387907
18387838
18387823
18387779
18387750
18387666
18387462
18387417
18387262
18387126
18387013
18386925
18386817
18386753
18386700
18386674
18386632
18386609
18386537
18386319
18386275
18386226
18386171
18386020
18385956
18385871
18385840
18385818
18385773
18385746
18385702
18385668
18385643
18385610
18385569
18385544
18385480
18385383
18385035
18384986
18384946
18384261
18383944
18383909
18383857
18383799
18383763
18383727
18383680
18383637
18383587
18383540
18383350
18382857
18382824
18382777
18382741
18382711
18382638
18382598
18382544
18381651
18381598
18381514
18381484
18381459
18381427
18381371
18381334
18381290
18381230
18381204
18381194
18381140
18381090
18380217
18379808
18379581
18378776
18378292
18364252
18360663
18360578
18360524
18359928
18359815
18357175
18349109
18348668
18348659
18346827
18342959
18342701
18335118
18331976
18331947
18324010
18323639
18320649
18313317
18311534
18309694
18309593
18309510
18307062
18305800
18304749
18304521
18303456
18301514
18301072
18297432
18297226
18293739
18293719
18293687
18293682
18293644
18293529
18293485
18293469
18293434
18293412
18293398
18293373
18293342
18293317
18293023
18293004
18292980
18292947
18292925
18292896
18292879
18292823
18292785
18292714
18292710
18292655
18292644
18292632
18292625
18292279
18292221
18290972
18289597
18289436
18288548
18288526
18288102
18287732
18287484
18287184
18285934
18285728
18285380
18285330
18285214
18275958
18275882
18275787
18275759
18275717
18275693
18275682
18275594
18275568
18275546
18273052
18271612
18268079
18267151
18266554
18266459
18266010
18264916
18263325
18263105
18262625
18262499
18260988
18260611
18260351
18259077
18258587
18258048
18257036
18256931
18256799
18256747
18256673
18256565
18256494
18256245
18256045
18255875
18254651
18254493
18254179
18253726
18253482
18252810
18252616
18251730
18250969
18250837
18250660
18250506
18250337
18250223
18250128
18250038
18249657
18249549
18249533
18249348
18249312
18249194
18249084
18248969
18248818
18248615
18248429
18248209
18248169
18248025
18247831
18246624
18246396
18246285
18245871
18245731
18244449
18243937
18243484
18243300
18243297
18243263
18243231
18243123
18242736
18242486
18242156
18241760
18241381
18241186
18241090
18241086
18241054
18240952
18240852
18240686
18240493
18240029
18239909
18239779
18239745
18239554
18239474
18239438
18239359
18239328
18239290
18239179
18238964
18238819
18238655
18238448
18237842
18237244
18237206
18237181
18237128
18237097
18237025
18236936
18236863
18236838
18236819
18236784
18236491
18236416
18236375
18236343
18236313
18236219
18236213
18236123
18236077
18236051
18236025
18235987
18235965
18235960
18235916
18235902
18235875
18235870
18235792
18235791
18235686
18235642
18235526
18235519
18235497
18235494
18235395
18235345
18235302
18235233
18235201
18235178
18235150
18235130
18235071
18235049
18234959
18234937
18234928
18234926
18234903
18234896
18234873
18234852
18234833
18234808
18234783
18234772
18234753
18234735
18234722
18234707
18234697
18234684
18234681
18234669
18234658
18234629
18234623
18234573
18234565
18234486
18234373
18234326
18234276
18234176
18234073
18234013
18233469
18232462
18232162
18231483
18231046
18230768
18229233
18228827
18228414
18228134
18227784
18226446
18226389
18226343
18226300
18226188
18226154
18225250
18225106
18224940
18224245
18223734
18223291
18221339
18220977
18218876
18218440
18218426
18218395
18218299
18217691
18217483
18217297
18217247
18217223
18217168
18217119
18217088
18217023
18217001
18216872
18216833
18216538
18216497
18216493
18216466
18216453
18216385
18216346
18216344
18216276
18216172
18216137
18216048
18216024
18216009
18215947
18215934
18215912
18215888
18215789
18215747
18215722
18215706
18215705
18215691
18215658
18215634
18215600
18215599
18215574
18215556
18215488
18215482
18215479
18215342
18215285
18214934
18214913
18214783
18214706
18214406
18214324
18213395
18211149
18210701
18209714
18207633
18206633
18205513
18205454
18205428
18205240
18205122
18204962
18204956
18204897
18204869
18202086
18201163
18201130
18201086
18200986
18200964
18200793
18200597
18200460
18200319
18200272
18200174
18199793
18199688
18199574
18199281
18199208
18199191
18198308
18198295
18197824
18197599
18197383
18197108
18197102
18196878
18196698
18196572
18196507
18196425
18196336
18196339
18196163
18195740
18195517
18195339
18195250
18195219
18195183
18195075
18195012
18194990
18194920
18194811
18194767
18194637
18194568
18194470
18194460
18194341
18194318
18194232
18194178
18194097
18194037
18194030
18193985
18193949
18193844
18193802
18193633
18193549
18193417
18193255
18193185
18193007
18192889
18192888
18192782
18192252
18192174
18191675
18190565
18190337
18190262
18190024
18189868
18189590
18189110
18188766
18188468
18188409
18188069
18187937
18187872
18187842
18187829
18187792
18187739
18187611
18187515
18187423
18187096
18186919
18186837
18186390
18186319
18186151
18186144
18186008
18185984
18185983
18185955
18185842
18185781
18185770
18185735
18185672
18185656
18185635
18185596
18185582
18185526
18185529
18185439
18185396
18185278
18185080
18185064
18185019
18185013
18184969
18184957
18184752
18184671
18184506
18184414
18184376
18184230
18184133
18184083
18183865
18183554
18183356
18183214
18183127
18183007
18182969
18182929
18182786
18182395
18182338
18182079
18182018
18181575
18180205
18180024
18179932
18179795
18179627
18179472
18177467
18177060
18177025
18176984
18176894
18176872
18176791
18176752
18176708
18176679
18176546
18176153
18175976
18175707
18175545
18175251
18174965
18174416
18174374
18174296
18174180
18173910
18173814
18173791
18173731
18173653
18173597
18173566
18173544
18173492
18173454
18173409
18173338
18173261
18173211
18173156
18173115
18173093
18173055
18173033
18172977
18172938
18172884
18172789
18172734
18172545
18172501
18172430
18172287
18172212
18172164
18172085
18172060
18171971
18171858
18171795
18171702
18171635
18171600
18171500
18171393
18171316
18171212
18170513
18170224
18170199
18169840
18169566
18168631
18168563
18168462
18168414
18168330
18168303
18168264
18168241
18168151
18168139
18168112
18168025
18167947
18167875
18167828
18167775
18167694
18167516
18167465
18167343
18167288
18167266
18167010
18165933
18165600
18164484
18164362
18163164
18163058
18160903
18160693
18160538
18160258
18159925
18159865
18159739
18159706
18159590
18159466
18159443
18159437
18158364
18158293
18157831
18157617
18157577
18157304
18157267
18157150
18157072
18156770
18156738
18156705
18156486
18156444
18156409
18156384
18156344
18156316
18156265
18156100
18156004
18155454
18154770
18154558
18153949
18153871
18153141
18153097
18152902
18152811
18152679
18151408
18151061
18149093
18148444
18148045
18147864
18147496
18147472
18147294
18146736
18146724
18146615
18145946
18145847
18144393
18144306
18143862
18143768
18143610
18143510
18143427
18143320
18143260
18143249
18143220
18143093
18142834
18142808
18142693
18142669
18142584
18142393
18142104
18141158
18141015
18140903
18140792
18139475
