9577373
9577277
9577240
9576456
9576394
9576338
9576326
9562679
9562409
9560958
9540916
9538226
9527706
9526930
9525201
9519968
9514791
9514577
9514501
9514459
9514394
9512021
9511141
9510944
9510882
9508840
9503561
9501576
9501127
9485574
9477890
9476263
9476015
9475886
9475685
9475429
9475232
9472292
9472118
9468193
9468105
9467586
9467006
9466784
9464815
9463456
9459578
9459436
9458615
9458529
9458436
9458165
9454285
9452595
9449095
9445442
9444473
9444456
9444446
9443939
9443117
9440716
9439366
9434797
9429738
9425164
9417108
9416683
9411834
9406220
9405986
9391948
9391927
9391419
9391240
9391167
9387982
9387317
9383661
9382021
9380437
9380355
9380157
9380149
9376713
9376244
9375757
9375517
9375256
9375227
9375159
9374895
9374817
9374778
9374722
9374643
9374570
9374496
9374348
9374244
9374148
9373891
9373312
9372914
9372607
9372404
9367834
9367714
9367573
9366230
9366072
9366021
9365985
9365900
9365863
9365829
9365821
9365806
9365764
9365166
9364656
9361905
9361892
9361873
9361860
9361840
9361831
9361791
9361534
9353551
9353452
9353394
9353164
9353038
9353025
9353024
9353007
9352982
9352957
9352911
9352873
9352786
9352739
9349540
9342975
9338924
9335637
9334590
9333860
9333762
9333687
9333648
9333590
9333554
9333482
9326411
9322850
9322719
9322699
9322680
9322663
9322609
9321638
9321601
9318579
9317904
9315263
9309027
9307775
9307219
9303970
9302523
9302359
9302052
9301895
9301880
9301767
9301369
9297467
9295965
9295519
9295473
9295363
9295302
9295236
9295129
9294939
9294893
9294734
9294377
9294299
9293078
9292993
9290472
9289588
9288633
9288420
9287965
9287836
9287263
9285992
9285935
9281770
9281633
9280260
9278091
9278038
9277915
9277905
9277899
9277859
9277816
9275439
9275131
9274924
9274888
9274741
9274286
9268205
9266133
9265987
9265986
9265960
9265672
9265029
9264943
9264629
9264298
9263676
9263366
9263319
9263306
9263275
9263144
9261453
9261336
9260193
9259541
9259505
9259381
9259339
9257948
9257218
9254879
9254546
9252440
9250972
9250961
9250487
9250479
9250414
9249235
9249209
9249154
9249111
9249100
9249065
9249037
9248689
9248361
9248291
9247550
9247411
9247039
9246499
9245986
9245787
9245731
9240749
9239467
9238380
9235962
9235700
9235499
9235315
9235055
9234049
9233951
9233935
9233461
9233338
9233109
9232949
9232845
9230406
9229545
9229368
9227974
9227670
9227410
9226046
9225968
9225545
9222965
9222929
9222876
9222837
9222782
9222647
9222565
9222410
9221807
9221664
9219996
9219957
9219825
9219598
9219580
9219101
9218860
9218778
9218362
9218236
9217859
9217409
9217325
9217193
9217184
9216999
9216937
9216920
9216893
9216720
9216466
9216281
9215803
9215761
9215682
9215670
9215663
9215565
9215542
9215493
9215481
9215469
9214441
9213998
9213968
9213783
9213198
9213178
9213165
9213149
9212883
9212675
9212650
9212649
9212631
9212599
9212389
9212370
9212237
9210997
9209483
9209188
9208921
9208717
9208604
9207986
9207825
9207617
9207544
9207493
9207467
9206733
9206717
9206702
9206644
9206641
9206638
9206592
9206572
9206536
9205319
9205247
9205189
9205141
9205105
9205025
9204879
9204869
9204829
9204789
9204781
9204779
9204685
9204347
9203339
9203055
9203049
9202740
9202734
9202465
9202217
9202209
9202203
9202201
9202195
9202013
9201808
9201774
9201682
9201053
9200852
9200544
9200288
9199954
9199872
9199532
9199374
9199316
9199263
9199203
9199107
9199076
9199030
9198348
9198324
9198276
9198156
9198089
9198033
9197967
9197954
9197921
9197869
9197779
9197707
9197682
9197593
9197571
9197558
9197546
9197512
9197503
9197482
9197438
9197425
9197409
9197383
9197359
9197340
9197325
9197221
9197167
9197158
9197154
9197122
9197088
9197003
9196984
9196971
9196964
9196921
9196830
9196547
9196524
9196498
9196486
9196269
9195880
9195716
9195697
9195676
9195668
9195625
9195514
9195500
9195476
9195306
9195253
9195246
9195212
9195166
9195128
9195050
9194839
9194448
9194235
9194083
9194005
9193998
9193986
9193977
9193971
9193966
9193961
9193954
9193950
9193928
9193915
9193913
9193910
9193865
9193780
9193771
9193736
9193629
9193579
9193306
9193270
9193203
9193117
9193040
9193020
9193019
9193007
9192960
9192826
9192778
9192752
9192726
9192705
9192636
9192623
9192515
9192474
9192326
9192292
9191635
9191577
9191381
9191264
9191172
9191046
9190979
9190744
9190527
9190483
9190233
9190224
9189782
9189494
9189406
9189335
9189300
9189245
9189231
9188999
9188932
9188918
9188786
9188628
9188538
9188508
9188440
9188414
9188303
9188197
9188184
9188015
9187842
9187761
9187619
9187487
9187261
9187218
9186998
9186999
9186966
9186935
9186928
9186890
9186876
9186827
9186814
9186804
9186728
9186716
9186679
9186671
9186652
9186616
9186614
9186427
9186214
9186121
9185975
9185949
9185906
9185905
9185900
9185884
9185855
9185821
9185784
9185673
9185670
9185604
9185576
9185559
9185480
9185374
9185360
9185274
9185220
9185070
9185038
9185021
9185009
9184987
9184982
9184953
9184948
9184899
9184893
9184854
9184852
9184812
9184779
9184767
9184701
9184691
9184679
9184675
9184664
9184662
9184652
9184635
9184623
9184527
9184476
9184400
9184357
9184350
9184302
9184287
9184269
9184261
9184206
9184197
9184145
9184128
9183831
9183827
9183812
9183775
9183751
9183663
9183620
9183171
9183142
9183139
9183050
9182936
9182925
9182905
9182894
