20060366
20059838
20059640
20059558
20059460
20059254
20058895
20058519
20057648
20056528
20052449
20046493
20030427
20030017
20029915
20029856
20023153
20019032
20012253
20011170
20003376
20002029
20001502
19983611
19982270
19982136
19981975
19981855
19981666
19974491
19974195
19970929
19968692
19968685
19968662
19968640
19968606
19968577
19967280
19960947
19959448
19956879
19954749
19954655
19954544
19949237
19942245
19941738
19939993
19938502
19938484
19938426
19938388
19938370
19938345
19938296
19938201
19936590
19933328
19926406
19925832
19925747
19925666
19925622
19925592
19925512
19924926
19921202
19918376
19918114
19915195
19914664
19914054
19910434
19909738
19909297
19905909
19905296
19904877
19903538
19903174
19901605
19901150
19895966
19886570
19885599
19885459
19880412
19880396
19878760
19872007
19871663
19871354
19869511
19866715
19864075
19863720
19862285
19861819
19853308
19853060
19851429
19850158
19849982
19849459
19849337
19845072
19844577
19842254
19838250
19837479
19828174
19826870
19823489
19822474
19821280
19817957
19811864
19809929
19809534
19807038
19806921
19806837
19806612
19806501
19806120
19803026
19802839
19800681
19798975
19798925
19796557
19784865
19784795
19776596
19776528
19775889
19768613
19766209
19765618
19765156
19764502
19760397
19758837
19756864
19756816
19756362
19756293
19753959
19752061
19747646
19746141
19745972
19743647
19742576
19742485
19737276
19737186
19737034
19736885
19736056
19735497
19735165
19735045
19733410
19733083
19732898
19732835
19732771
19732650
19732604
19732496
19732152
19732000
19731971
19731931
19731858
19731749
19731666
19731547
19731038
19730885
19730842
19730832
19730797
19730704
19730668
19730624
19730481
19730363
19730215
19730146
19729800
19728778
19728721
19728492
19727934
19727537
19727510
19727439
19727204
19726821
19726773
19726673
19726667
19726546
19726489
19726449
19726405
19726137
19725676
19725118
19725001
19724889
19724814
19724733
19724648
19724558
19724413
19724338
19724276
19724165
19724055
19723929
19723732
19723613
19720635
19720578
19720549
19720516
19720477
19720352
19720291
19720015
19719949
19719807
19719562
19719527
19719432
19719356
19719253
19719187
19718989
19718866
19718765
19718613
19718396
19718349
19718268
19718151
19718121
19718124
19718072
19718050
19717988
19717769
19717547
19717493
19717474
19716584
19714836
19714726
19714625
19714585
19714483
19713711
19713605
19713559
19713356
19713185
19706659
19703234
19702908
19702806
19701845
19701662
19701629
19701595
19701499
19699883
19699861
19699809
19698319
19694087
19693877
19693603
19693288
19692579
19689583
19689110
19689050
19688384
19688335
19688271
19688206
19688152
19687968
19687875
19687735
19687339
19687083
19686727
19686599
19686426
19686327
19685184
19684750
19684367
19684022
19683539
19683493
19683296
19683185
19682838
19681937
19681549
19681333
19681184
19681144
19680895
19680786
19680581
19680236
19679773
19679675
19679590
19679436
19679328
19679327
19679242
19679212
19678737
19678401
19678217
19677685
19677615
19677491
19677092
19676493
19676490
19676383
19676213
19676212
19676105
19676004
19675866
19675675
19675121
19674856
19672614
19672487
19672336
19671708
19671596
19671532
19671368
19671236
19671074
19671079
19671019
19670915
19670810
19670748
19670714
19670660
19670601
19670076
19669781
19669679
19669498
19669353
19669097
19668914
19668618
19667346
19666864
19666577
19666006
19664767
19663746
19660818
19660738
19660099
19659889
19659143
19659038
19658952
19658756
19658200
19656984
19655469
19655458
19655338
19654459
19652827
19652135
19652088
19652006
19651178
19647876
19647346
19646408
19646281
19641677
19640771
19638882
19637314
19636894
19630322
19628659
19625858
19623434
19621075
19617503
19617444
19617382
19617349
19617332
19617136
19617106
19617040
19617000
19616914
19616898
19616736
19616608
19616567
19616350
19616207
19612544
19612415
19612382
19612336
19612248
19612045
19611147
19611128
19611101
19610353
19610283
19609961
19608633
19607973
19607549
19607349
19607123
19607093
19607060
19605742
19605599
19602901
19602642
19601890
19599120
19599092
19596557
19595486
19595359
19595323
19595096
19594355
19594067
19593992
19592709
19592485
19592165
19592142
19591521
19591248
19587652
19585999
19585854
19585743
19585572
19585379
19585186
19585030
19584810
19584323
19582426
19582351
19581250
19578922
19578876
19575263
19574421
19570597
19568445
19567991
19567851
19567703
19567542
19567407
19567207
19567063
19566823
19566468
19566094
19564048
19562510
19560185
19560003
19559580
19555425
19555024
19553931
19553560
19551840
19551712
19551657
19551608
19550263
19550140
19550106
19550058
19550019
19550009
19549918
19549766
19549711
19549491
19549384
19549281
19549180
19549016
19548859
19548684
19548626
19548544
19548476
19548400
19548278
19548166
19548014
19547871
19547538
19547450
19547287
19547134
19544541
19544226
19544028
19543932
19543804
19543493
19543323
19543155
19543030
19542850
19542683
19542531
19542449
19542408
19542193
19542033
19541887
19541749
19541741
19541439
19541160
19540474
19540328
19539901
19539836
19539744
19539470
19539148
19538932
19538826
19538818
19538479
19538398
19537984
19537862
19537863
19537799
19537687
19536509
19536027
19535816
19535490
19535329
19535164
19535047
19534887
19533905
19533860
19533086
19532136
19528963
19528522
19528355
19527035
19524296
19523137
19522636
19522418
19522368
19522328
19522297
19522267
19522192
19522146
19522058
19521849
19521781
19521744
19521655
19521595
19521244
19516020
19515980
19515752
19515529
19515482
19514585
19511673
19511412
19510683
19507405
19507234
19507053
19506635
19506529
19502166
19501682
19501354
19500236
19499964
19499618
19496431
19496073
19492842
19492801
19492788
19492760
19492745
19492626
19492056
19491238
19491126
19491047
19491008
19490908
19490872
19490505
19489830
19489736
19489718
19489334
19488840
19488242
19487857
19487085
19486976
19486632
19485476
19485197
19484323
19484021
19483846
19483421
19483188
19483121
19482722
19482691
19482430
19482262
19479666
19479061
19478837
19475417
19474817
19474491
19474328
19473306
19473102
19472877
19472730
19472683
19472673
19471887
19471538
19470704
19469978
19469842
19469770
19469769
19469683
19469627
19469622
19469600
19469190
19468870
19468857
19468685
19468263
19468178
19468124
19468046
19467961
19467942
19467800
19467772
19467703
19467665
19467627
19467610
19467560
19467531
19467382
19467251
19467100
19467001
19466958
19466575
19466574
19465986
19465816
19465751
19465727
19465640
19465567
19465493
19465456
19465402
19465356
19465103
19464867
19464135
19464099
19463952
19463946
19463471
19463422
19462506
19461326
19460639
19460545
19458272
19458240
19456992
19456922
19456634
19456552
19456493
19456435
19456267
19456253
19455904
19455866
19455748
19455546
19455325
19455312
19454979
19452407
19452283
19452174
19452126
19452065
19451943
19451937
19451818
19451611
19451440
19451385
19451345
19451242
19450951
19450766
19450623
19450537
19450403
19450296
19450195
19449873
19449444
19448878
19448806
19445375
19445322
19445174
19444974
19444620
19443851
19443291
19443268
19442666
19442578
19442478
19442460
19442055
19441737
19441659
19441554
19441456
19440753
19440628
19439941
19439863
19439828
19439255
19439120
19436505
19436029
19435775
19435173
19434884
19433907
19433852
19433754
19433713
19433679
19433581
19433503
19433260
19432980
19432477
19432105
19432080
19432012
19431981
19431954
19431935
19431917
19431905
19431902
19431888
19431864
19431851
19431209
19431185
19431167
19431146
19431114
19431088
19429635
19428849
19428814
19428516
19428479
19427705
19427661
19427592
19427557
19427523
19427509
19427462
19427436
19427365
19427301
19427293
19427239
19427158
19426872
19426530
19426518
19426450
19426212
19426191
19426072
19426061
19426028
19425798
19425780
19425640
19425434
19425387
19425359
19425312
19425281
19425223
19425129
19425012
19424991
19424960
19424753
19424717
19424008
19423758
19412399
19423361
19423075
19421999
19421935
19412124
19412092
19412018
19420353
19420286
19419751
19417786
19417758
19417647
19417454
19415057
19412433
19412420
19412228
19412204
19412135
19412066
19411985
19420483
19404174
19398168
19394487
19382946
19382696
