21578634
21578507
21578141
21577786
21576780
21570763
21561104
21558498
21549545
21539443
21538588
21538586
21538584
21538236
21529417
21528978
21526442
21526056
21524264
21516102
21515620
21515333
21514575
21514406
21512757
21507929
21504768
21482295
21481874
21481501
21481459
21480539
21479524
21479323
21479099
21478801
21478703
21478655
21477988
21476865
21476551
21467367
21467206
21467085
21466774
21466689
21466587
21466383
21466237
21466096
21464619
21464492
21464374
21464138
21463683
21433907
21432774
21429315
21429250
21428939
21428599
21422324
21419595
21417778
21408698
21406000
21398466
21397334
21382760
21380766
21380230
21380175
21380022
21378845
21376367
21369754
21368303
21350826
21350712
21350681
21348163
21346100
21342108
21331762
21321249
21316081
21315958
21315810
21310499
21310292
21310098
21282396
21282324
21280849
21278967
21278912
21272570
21271221
21270604
21270435
21268924
21268661
21268115
21267856
21267419
21267118
21266689
21265539
21264485
21263060
21262451
21262024
21258398
21255081
21253290
21252391
21250906
21250018
21249583
21249085
21246522
21246020
21245887
21244830
21244353
21242513
21241982
21241877
21239462
21239241
21238834
21238487
21238071
21237711
21237162
21236549
21236160
21235575
21234027
21233981
21233923
21233873
21233788
21233718
21233666
21233637
21233592
21233546
21233474
21233432
21233436
21233388
21233343
21233222
21233162
21233126
21233046
21232979
21232935
21232882
21232770
21226216
21223928
21223568
21217036
21215573
21214697
21212591
21212408
21212294
21212024
21210389
21210131
21210006
21199095
21198799
21195398
21191077
21190860
21190364
21189740
21187551
21183845
21182897
21175309
21166514
21161280
21159297
21158132
21156625
21156352
21150510
21148998
21146090
21143882
21142774
21141541
21141442
21118806
21115072
21113646
21113173
21111959
21111496
21111342
21111005
21109672
21108389
21105336
21096411
21094094
21093787
21092152
21091807
21091036
21090477
21088686
21088240
21086673
21085864
21085317
21084258
21083458
21083345
21067936
21067385
21067283
21067242
21066906
21066851
21066354
21066050
21064256
21063869
21062807
21061788
21060687
21060184
21058394
21057785
21056536
21055953
21047305
21046932
21044648
21043783
21043470
21041108
21040426
21039617
21039047
21038948
21038696
21038572
21037909
21036805
21034346
21033546
21030090
21029554
21029555
21026229
21025658
21023794
21014338
21012985
21012543
21007950
21007674
21004192
21004025
21000817
20997143
20996454
20995755
20995193
20994586
20994373
20993545
20992657
20992149
20991810
20990549
20986592
20985098
20985010
20984343
20982347
20978931
20977933
20975938
20974691
20974657
20974311
20974265
20973384
20973219
20971936
20971199
20970646
20970373
20969518
20968903
20968557
20968259
20968074
20967781
20967057
20966803
20965462
20965032
20964992
20964929
20964830
20964749
20964602
20964493
20961282
20960948
20958620
20955406
20955217
20955154
20954724
20950808
20950188
20948133
20947298
20946775
20941298
20935705
20935643
20929834
20928674
20926632
20924595
20924309
20922025
20920228
20919741
20918914
20918220
20918182
20918091
20917956
20916957
20915247
20913043
20909280
20909025
20908770
20907270
20907102
20906611
20905970
20905804
20905274
20903975
20903636
20903022
20902678
20902438
20902111
20901840
20901403
20901338
20901136
20900615
20900361
20900078
20899636
20899108
20898971
20898470
20897924
20897397
20894662
20889303
20889203
20886202
20885566
20883763
20882905
20882666
20882259
20882211
20881547
20881514
20881296
20881240
20881203
20881147
20881112
20879385
20879361
20878951
20878952
20878838
20878788
20878166
20877200
20876095
20874968
20872888
20868409
20868391
20868301
20867956
20867467
20867202
20867047
20866663
20866647
20866261
20865742
20865644
20865532
20865068
20864883
20864584
20864530
20864271
20864062
20863903
20863353
20863237
20862881
20862003
20861981
20861606
20860033
20851348
20850745
20850298
20850105
20849897
20849769
20843129
20842328
20842070
20840671
20840429
20839309
20838860
20838472
20838353
20837825
20836137
20834169
20834013
20833772
20832127
20831018
20830769
20830304
20830200
20830147
20829993
20829562
20826835
20826764
20826683
20826387
20826203
20826170
20825890
20825848
20824460
20822494
20821981
20820288
20817539
20817367
20817029
20816923
20816227
20816006
20815267
20815149
20813995
20812736
20812418
20810047
20810003
20809837
20808940
20808731
20808562
20808226
20807941
20807799
20807614
20806878
20805426
20805219
20801152
20801102
20800915
20800267
20799876
20799783
20799686
20799140
20798723
20798614
20798253
20798172
20798142
20798104
20797793
20797792
20797522
20797055
20796527
20795593
20794259
20790954
20790333
20789486
20787780
20787138
20786969
20784355
20784193
20784195
20784077
20783858
20783604
20783193
20782262
20780383
20780255
20778257
20777652
20777596
20776615
20776459
20776399
20774493
20769672
20769148
20768935
20767047
20766330
20764977
20764522
20764389
20764113
20763903
20762547
20761878
20761349
20761145
20761040
20760529
20760348
20760281
20760217
20760131
20760110
20759914
20759891
20759834
20759698
20759667
20759504
20759446
20759387
20759344
20759278
20759074
20758121
20757628
20757346
20757269
20757169
20757083
20756788
20756667
20756493
20756471
20756446
20756254
20756073
20755973
20755948
20755852
20755825
20755702
20755678
20755480
20755067
20754979
20754214
20754025
20753930
20753376
20753293
20751693
20751095
20750346
20749966
20749075
20748192
20747951
20747882
20747728
20747559
20747499
20747389
20747027
20746937
20746343
20746198
20745789
20745333
20744695
20744427
20744368
20744344
20743977
20743789
20743649
20743609
20743512
20743334
20743253
20743008
