25135825
25135467
25132268
25129530
25129337
25127396
25126947
25126740
25126203
25126017
25125898
25124902
25124555
25123815
25123663
25123465
25122686
25122476
25122338
25122038
25122010
25121824
25121147
25120946
25120763
25120291
25120284
25120257
25120092
25119875
25119584
25119383
25119384
25119364
25119338
25119222
25119205
25119183
25119147
25119034
25118987
25118869
25118821
25118125
25117407
25116269
25115581
25114929
25114671
25114648
25114575
25112936
25112413
25112217
25111773
25111287
25111167
25111094
25111058
25110916
25110521
25110491
25110483
25110388
25110279
25110133
25110100
25109814
25109464
25109113
25108667
25107752
25106531
25106476
25106425
25105732
25105547
25105240
25102715
25100578
25100136
25099287
25099174
25098788
25098466
25097148
25095016
25093576
25092520
25092331
25091678
25091587
25090595
25090575
25090303
25090172
25090118
25089458
25089264
25089183
25089136
25089062
25088320
25088292
25088264
25088207
25088044
25088004
25087972
25087363
25084218
25084026
25083646
25083392
25083318
25083300
25083247
25082899
25082765
25082576
25082469
25082310
25082256
25082251
25082228
25082214
25082185
25082163
25082148
25082125
25082103
25082072
25082056
25081967
25081898
25081771
25081309
25081210
25081161
25081011
25080916
25080888
25080241
25080211
25080079
25080029
25079975
25079955
25079943
25079865
25079799
25079658
25077610
25077398
25075924
25075577
25074552
25074500
25074461
25074381
25074278
25074112
25073709
25073488
25073139
25072591
25072303
25071384
25071274
25071271
25071222
25071190
25071093
25071085
25071061
25071019
25070190
25068944
25068068
25067642
25067601
25067136
25067108
25067091
25067078
25067052
25067037
25067020
25067007
25066991
25066981
25066962
25066942
25066913
25066906
25066896
25066883
25066872
25066862
25066851
25066806
25066784
25066772
25066715
25066701
25066688
25066669
25066661
25066641
25066613
25066585
25066560
25066559
25063758
25062992
25062969
25062944
25062915
25062887
25062882
25062843
25062383
25061844
25061723
25061542
25061489
25061407
25061404
25061179
25060013
25059923
25059909
25059255
25059239
25059201
25059173
25059151
25059115
25059087
25059005
25058926
25058867
25058851
25058818
25058800
25058775
25056867
25044203
25044017
25039608
25039387
25039307
25039008
25038558
25038176
25035865
25035602
25034314
25034131
25033684
25032255
25032062
25031995
25031845
25031850
25031743
25031628
25031615
25031059
25030494
25030419
25030114
25029983
25029963
25029928
25029755
25029711
25028885
25028837
25028797
25028746
25028695
25028643
25028595
25028538
25028351
25027348
25026774
25026408
25026153
25025873
25025802
25025739
25025107
25022304
25021904
25021565
25020890
25020576
25018947
25018385
25017548
25017457
25017406
25017228
25016833
25016510
25015812
25015675
25015475
25015074
25015035
25014325
25012866
25012637
25012186
25011949
25011841
25010788
25010115
25009713
25009349
25009316
25009245
25008788
25008636
25008417
25008321
25008216
25008054
25007649
25007593
25007559
25007514
25007442
25006902
25006883
25006857
25006819
25006764
25004984
25004864
25003336
25001937
25001741
25001362
25001187
25000978
25000167
24997622
24997213
24995749
24995725
24995710
24995669
24995631
24994934
24994782
24994726
24993477
24993436
24993331
24993305
24993284
24993273
24993207
24993180
24993134
24992863
24992728
24991835
24991072
24990967
24990861
24990687
24990481
24990375
24989627
24989197
24989021
24988948
24988857
24985824
24985183
24985040
24984253
24983226
24983212
24982862
24982834
24982804
24982778
24982484
24982464
24982063
24981981
24981877
24981860
24981665
24981559
24981529
24981492
24981421
24981316
24981288
24981232
24981210
24981092
24981089
24980892
24980871
24980517
24980480
24980390
24980238
24980220
24980197
24980146
24980140
24980108
24980082
24980012
24979997
24979985
24979980
24979966
24979950
24979947
24979944
24979905
24979882
24979852
24979841
24979824
24979814
24979780
24979758
24979736
24979706
24979655
24976398
24976202
24975380
24974027
24973647
24973531
24973471
24973095
24973054
24973013
24973009
24972997
24972972
24972922
24971843
24970696
24969258
24969234
24969199
24968631
24968579
24966968
24966821
24966733
24966215
24964383
24964370
24964366
24964360
24964352
24964328
24964306
24964284
24964269
24964250
24964243
24964227
24964084
24963995
24963977
24963928
24963903
24963884
24963863
24963802
24963021
24962596
24962583
24962573
24962551
24962542
24962539
24962532
24962266
24962242
24962237
24962232
24962225
24962218
24962198
24962178
24962150
24962113
24962087
24962043
24961983
24961348
24961146
24960284
24957009
24954864
24954653
24954629
24954419
24953064
24952996
24952952
24952861
24952765
24952700
24952695
24952618
24952538
24952487
24952351
24952289
24952212
24950234
24946038
24945854
24945308
24945250
24944969
24944540
24944339
24944208
24943964
24943947
24943865
24943822
24943771
24943742
24943693
24943624
24943535
24943498
24943445
24943249
24943173
24943052
24942676
24942091
24941996
24941854
24941663
24941455
24941385
24941186
24941174
24941162
24941121
24941097
24941050
24940772
24940480
24937881
24937328
24937242
24937196
24937066
24936941
24936900
24936668
24936271
24935847
24935294
24935217
24935010
24934783
24934756
24934693
24934637
24933987
24932082
24930977
24930180
24928214
24928081
24927877
24927015
24926630
24923340
24921129
24920988
24918447
24918261
24915857
24914965
24913321
24912768
24912320
24911523
24910977
24909095
24909033
24908989
24908941
24908914
24908852
24907642
24907112
24907101
24907051
24907024
24906926
24906697
24906675
24906563
24906291
24905843
24905751
24905647
24905359
24904184
24903294
24901917
24901731
24901694
24901637
24901123
24900987
24900492
24900475
24900082
24900046
24899909
24899859
24899801
24899765
24899557
24899091
24898586
24898574
24898552
24898372
24898245
24898214
24898181
24897878
24897832
24897821
24897735
24897706
24897516
24897497
24897375
24897325
24897209
24897098
24897078
24897066
24896984
24896972
24896438
24896327
24896171
24895847
24895789
24894409
24892015
24890461
24888908
24888738
24888004
24887715
24886966
24886148
24886025
24885783
24884998
24884608
24882888
24881807
24881562
24880664
24880469
24879160
24877669
24877365
24876165
24876127
24876072
24874963
24874959
24874954
24874795
24874779
24874705
24874692
24874640
24874605
24874585
24874530
24874174
24871106
24870613
24870580
24870539
24870051
24865733
24865730
24861365
24861281
24861174
24860210
24860020
24859609
24859473
24859448
24859438
24859426
24859414
24859377
24859363
24859347
24859324
24859302
24859291
24859276
24859261
24859247
24859238
24859221
24859207
24859198
24859172
24859168
24859155
24859132
24859119
24859107
24859069
24859041
24859028
24859004
24858992
24858988
24858975
24858953
24858941
24858930
24858921
24858907
24858885
24858859
24855143
24852885
24852376
24851273
24851253
24851235
24851228
24847171
24846886
24845770
24845557
24845361
24845178
24845031
24845009
24844932
24844897
24844710
24844573
24844465
24844360
24844125
24842726
24842455
24842381
24842333
24841443
24841150
24840570
24840459
24839940
24838130
24837128
24836648
24836008
24831840
24829568
24829384
24829089
24828907
24828862
24828513
24827425
24826213
24826140
24825989
24825862
24825610
24825017
24824742
24824669
24824253
24824009
24823735
24821411
24820910
24820771
24820757
24820220
24820156
24816648
24814612
24814572
24814506
24814405
24812298
24812068
24811473
24811033
24809981
24809973
24809964
24809396
24808456
24807815
24807690
24807500
24807171
24805415
24805059
24804952
24804832
24803662
24803575
24803500
24803371
24802881
24802805
24802188
24801838
24799959
24796730
24796681
24796480
24796311
24795989
24795805
24795645
24795595
24795326
24795090
24794876
24794765
24794710
24794615
24794520
24794400
24794196
24794046
24793807
24793662
24792082
24791367
24791193
24789687
24788280
24788215
24788003
24787922
24787892
24787412
24787137
24785491
24785342
24783717
24783341
24782656
24782403
24782359
24782274
24780531
24778129
24775153
24774295
24774108
24773042
24772819
24772650
24772532
24772435
24772337
24772324
24771905
24771881
24771826
24771786
24771394
24771393
24771255
24771166
24771156
24771065
24770876
24770832
24770277
24770226
24770191
24770162
24770132
24770110
24770046
24769600
24768531
24768417
24768297
24766865
24766635
24766419
24765670
24765274
24765245
24765209
24765153
24765110
24765061
24765058
24765040
24765014
24764957
24764934
24764895
24764871
24764799
24764624
24764551
24764466
24764384
24764144
24763914
24763692
24763218
24762907
24762349
24762144
24762013
24761529
24761431
24761401
24760764
24760743
24760711
24760698
24760683
24760677
24760661
24760647
24760635
24760621
24760604
24760583
24760567
24760552
24760538
24760525
24760510
24760494
24760478
24760446
24760429
24760359
24760322
24760269
24759789
24757405
24757393
24757378
24757364
24757335
24757318
24757289
24757276
24757273
24757251
24757226
24757191
24757178
24757171
24757164
24757109
24757087
24757058
24757040
24757006
24756938
24756919
24756879
24756862
24756839
24756826
24756811
24756793
24756765
24756739
24756718
24756697
24756675
24756655
24756635
24756613
24756563
24756536
24756505
24756457
24756441
24756396
24756341
24756319
24756284
24756263
24756240
24756222
24756207
24755831
24755748
24755269
24754849
24753698
24752637
24752611
24752606
24752591
24752554
24752542
24752517
24752476
24751166
24750495
24750270
24750237
24750222
24750072
24749873
24749865
24749847
24749832
24749821
24749806
24749801
24749790
24749773
24748287
24748254
24748245
24748241
24748231
24748188
24748181
24748160
24748136
24747918
24747904
24746646
24745920
24745904
24745883
24745865
24745849
24745835
24742129
24742088
24741357
24740905
24740658
24740045
24740041
24739810
24739795
24739484
24739359
24739211
24739201
24739156
24739137
24739119
24739099
24739008
24738970
24738924
24738870
24738851
24738830
24738790
24738754
24738676
24738592
24738528
24738438
24738430
24738323
24738246
24738240
24738126
24738004
24737779
24737727
24737629
24737448
24737355
24737323
24737309
24737222
24737098
24736762
24736636
24736387
24736315
24736317
24736231
24736229
24736146
24736115
24736029
24735980
24735239
24734109
24733762
24733036
24732828
24732782
24732704
24732644
24732504
24732479
24732434
24732373
24732334
24732270
24732271
24732202
24732003
24731759
24731712
24731642
24731478
24731374
24731170
24731124
24731051
24730926
24730784
24730504
24730394
24730013
24728871
24727590
24727194
24725005
24722785
24722632
24721919
24721791
24721688
24721576
24720992
24720631
24720433
24720250
24720044
24720040
24720003
24719974
24719721
24719422
24719386
24719271
24719257
24719013
24718927
24718775
24718582
24717863
24717727
24717700
24716908
24716751
24716661
24716612
24716582
24716518
24716453
24716388
24716319
24716235
24715677
24715506
24715445
24715343
24714569
24714540
24714477
24714411
24714381
24714293
24714236
24714099
24714000
24713854
24713805
24713766
24713721
24713702
24713666
24713547
24713422
24713358
24713203
24713043
24712758
24712592
24712141
24712086
24711991
24711955
24711914
24711871
24711822
24711747
24711717
24711677
24711658
24711634
24711548
24710896
24710860
24710625
24710568
24710460
24709824
24709574
24709353
24709100
24706942
24706660
24706479
24706408
24706028
24705398
24705269
24705160
24704165
24703903
24703812
24702349
24702265
24702011
24701872
24701712
24701561
24701487
24701328
24701302
24700958
24700856
24700669
24700201
24700143
24700078
24700032
24699926
24699893
24699710
24699096
24698518
24697751
24696799
24696651
24696323
24696107
24695903
24695656
24695638
24695587
24695388
24695268
24695275
24695171
24695177
24694812
24694533
24693720
24693327
24693216
24693057
24692716
24692314
24691813
24690891
24690820
24690575
24689759
24689467
24689326
24688819
24688689
24688362
24688350
24688241
24688162
24688132
24688098
24688051
24687857
24687590
24687579
24687485
24687161
24686911
24686665
24686660
24686554
24686390
24686346
24686318
24686309
24686038
24685064
24685045
24685028
24685008
24684980
24684928
24684807
24684714
24684628
24684494
24684392
24684123
24683929
24683897
24683859
24683797
24683775
24683752
24683739
24683676
24683652
24683615
24683525
24683481
24683413
24682580
24677746
24677728
24677657
24677644
24677616
24677599
24677430
24677406
24677387
24677365
24677339
24677324
24677298
24677282
24677270
24675007
24674274
24673962
24673359
24673164
24673084
24668072
