26108955
26108923
26108902
26108769
26108750
26108561
26108269
26108055
26105812
26105078
26103995
26100578
26100419
26098954
26098887
26098784
26097054
26096913
26096263
26093564
26090931
26090808
26090785
26090200
26089730
26089671
26089621
26089569
26089209
26088559
26087961
26087946
26087856
26087807
26087795
26087770
26087758
26087728
26087660
26087435
26087346
26086322
26086144
26085090
26085013
26084602
26084548
26083968
26083251
26083122
26083071
26083018
26082449
26081857
26081778
26081689
26081478
26081435
26081414
26081395
26081358
26081323
26081273
26081221
26081190
26081155
26081120
26080833
26080790
26080707
26080672
26080639
26080338
26080305
26080261
26080219
26080149
26080099
26080061
26080027
26080011
26079917
26079900
26079722
26079641
26079399
26079188
26079135
26079072
26079007
26078769
26078628
26078461
26076992
26073925
26073672
26073570
26073521
26073249
26073144
26073127
26072017
26071518
26071481
26071342
26066487
26065989
26065832
26064373
26064150
26064087
26063555
26063343
26063048
26063003
26062935
26062860
26062729
26062693
26062348
26062288
26062216
26062131
26061943
26061713
26061528
26061306
26061090
26061016
26060804
26060390
26060081
26056401
26056130
26055332
26055281
26055251
26054540
26054293
26054250
26053900
26053865
26053194
26053180
26053159
26053145
26053125
26053110
26053094
26053034
26053023
26052932
26052913
26052828
26052808
26052795
26052703
26052612
26052553
26052525
26052462
26052431
26052421
26052405
26052304
26052278
26052264
26052238
26052192
26052185
26052117
26052105
26052093
26052094
26052072
26051904
26051737
26051681
26051653
26046207
26046082
26045936
26045855
26045309
26045184
26044222
26043508
26042809
26042536
26042202
26042101
26041947
26041109
26040941
26040874
26040775
26040772
26040724
26040663
26040609
26040528
26040431
26040201
26039966
26039842
26039764
26039743
26039730
26039723
26039709
26039697
26039669
26039659
26039641
26039634
26039629
26039619
26039564
26039545
26039534
26039469
26039440
26039430
26039405
26039383
26039363
26039277
26039261
26039234
26039227
26039207
26039169
26039161
26039124
26039109
26039084
26038993
26038996
26038969
26038952
26038931
26038896
26038899
26038884
26038873
26038357
26038314
26038108
26038057
26036993
26036291
26036175
26036017
26035918
26035780
26034294
26034277
26033998
26033527
26033518
26033358
26033196
26033157
26033151
26032933
26032372
26032210
26031843
26028412
26028311
26028277
26028089
26028008
26027883
26027851
26027646
26027596
26027546
26027474
26027335
26027259
26027134
26026614
26026547
26026480
26026367
26026275
26026215
26023071
26021006
26019536
26012027
26011859
26011360
26011274
26011210
26011135
26010803
26010732
26010477
26010246
26010140
26008090
26007566
26006766
26006383
26004979
26004871
26004028
26003003
26002865
26002759
26002407
26002228
26002200
26002179
26002156
26002113
26001947
26001924
26001908
26001905
26001733
26000885
26000633
26000147
25999436
25999305
25999285
25999145
25999058
25999026
25998996
25998923
25998913
25998756
25998501
25998412
25998397
25998267
25998214
25998194
25997982
25997732
25997678
25996084
25995999
25995886
25995772
25995611
25995350
25995152
25994952
25994722
25994608
25994531
25994361
25994191
25994115
25993085
25990961
25990329
25990216
25990126
25989073
25989065
25989023
25988616
25988522
25988487
25988463
25988391
25988364
25988322
25988270
25988231
25988098
25988047
25988024
25987944
25987883
25987828
25987422
25987292
25987214
25987174
25987160
25987122
25987000
25986983
25986791
25986742
25986699
25986655
25986628
25986619
25986360
25986317
25985995
25985908
25985734
25985572
25985546
25985022
25984967
25983684
25983434
25983135
25982302
25980803
25980781
25980775
25980759
25980748
25980720
25980717
25980647
25980625
25980616
25980611
25980544
25980532
25980505
25980491
25980386
25980325
25980316
25980301
25980268
25980178
25980169
25980102
25980074
25979999
25979982
25979976
25979897
25979871
25979842
25979844
25979786
25979705
25979677
25979666
25979622
25979619
25979519
25979495
25976309
25970905
25969605
25969487
25968799
25968622
25968557
25968494
25968408
25967564
25967480
25967440
25964866
25964592
25963865
25963833
25963740
25963716
25963641
25963620
25963621
25963600
25963550
25963107
25963069
25962863
25962860
25962828
25962823
25962613
25962318
25961871
25959877
25959811
25959779
25959733
25959699
25959692
25959334
25959325
25959282
25959264
25959131
25958951
25958940
25958834
25958789
25958732
25958703
25958659
25958656
25958628
25958601
25958581
25958509
25958476
25958436
25958384
25958275
25950725
25950488
25950327
25948854
25948467
25948126
25946212
25946106
25945979
25945944
25945927
25945918
25945862
25945817
25945726
25945685
25945661
25945642
25945580
25945555
25945530
25945523
25945442
25945427
25945382
25945335
25945311
25945287
25945273
25945256
25945206
25945182
25945156
25945105
25943456
25941470
25941423
25941394
25941365
25941353
25941296
25941276
25941270
25940461
25936891
25935744
25935234
25935231
25934699
25932889
25932208
25932089
25932074
25932069
25932061
25929230
25928810
25927968
25927758
25927744
25927723
25927700
25927676
25927648
25926991
25926773
25922502
25921813
25920092
25918426
25914359
25914204
25914094
25914050
25914001
25913960
25913869
25913814
25913813
25913759
25913680
25913597
25911240
25910980
25907607
25906962
25906593
25905291
25905008
25904544
25903441
25903093
25903085
25903058
25903002
25902977
25902958
25902940
25902893
25902859
25902846
25902799
25902766
25902753
25902744
25902735
25902714
25902689
25902665
25902646
25902623
25902588
25902580
25902550
25902477
25902441
25902407
25902366
25902314
25902281
25902245
25902218
25902175
25902152
25902141
25902112
25902059
25901984
25901409
25900098
25898172
25896665
25893873
25893210
25889040
25888103
25888074
25887853
25887817
25887748
25887617
25887510
25887483
25887414
25887341
25886722
25886197
25886148
25886006
25885464
25885305
25884599
25883799
25882471
25882282
25882240
25881978
25881947
25881904
25881876
25881859
25881778
25881756
25881751
25881599
25881555
25881544
25881520
25881514
25881490
25881332
25881276
25881189
25881089
25881057
25880996
25880743
25880739
25880724
25880708
25880685
25880621
25880580
25880563
25880493
25880451
25880432
25880309
25879957
25879942
25879804
25879764
25879724
25879690
25879680
25879667
25879658
25879621
25879618
25879610
25879598
25879578
25879554
25879556
25879515
25879455
25879433
25879390
25879377
25879375
25879362
25879352
25879349
25879343
25879323
25879290
25877049
25875384
25874868
25873887
25873179
25871974
25871762
25871637
25871619
25871606
25871576
25871565
25871557
25871529
25870953
25870725
25869652
25867044
25866306
25866019
25865700
25864472
25864370
25864303
25864271
25864241
25864215
25864200
25863965
25863521
25863172
25862602
25861116
25860247
25857902
25856141
25855840
25855679
25855603
25855487
25855450
25854875
25854601
25854017
25853790
25853604
25844328
25843856
25839758
25839750
25839713
25839700
25839694
25839664
25839644
25839632
25839631
25839613
25839601
25839594
25839590
25839532
25839520
25839510
25839497
25839488
25839491
25839466
25839449
25839395
25839382
25839373
25839360
25839347
25839342
25839322
25839311
25839298
25839296
25839278
25839206
25839199
25839189
25839172
25839164
25839142
25839131
25839107
25839096
25839068
25839060
25839051
25838975
25838965
25838955
25838726
25837802
25837471
25836884
25836284
25835951
25835903
25832730
25832709
25832610
25831728
25831704
25831666
25831629
25831568
25831490
25831448
25831401
25831331
25831303
25831276
25831245
25831229
25831192
25831140
25831112
25831068
25831029
25831008
25830946
25830899
25830837
25830043
25828458
25827832
25826495
25826092
25826048
25826009
25825980
25825894
25825790
25825063
25824954
25824911
25824854
25824811
25824759
25824231
25824209
25824195
25824187
25824163
25824083
25824059
25824034
25824026
25824003
25823978
25823950
25823933
25823879
25823851
25823828
25823676
25823641
25823529
25823528
25823510
25823451
25823427
25823166
25823150
25823129
25823119
25823076
25823015
25822945
25822917
25822902
25822875
25822812
25822805
25822771
25822631
25822348
25822073
25821748
25820632
25819600
25819522
25818510
25818496
25817856
25814204
25814174
25814162
25814101
25814062
25814047
25813957
25813317
25805800
25802412
25797083
25796933
25796912
25796749
25795467
25795005
25793729
25793697
25793625
25793430
25793384
25793105
25792860
25792815
25792791
25792765
25792720
25792507
25792478
25792390
25792336
25792079
25792027
25792010
25791947
25791878
25791852
25791825
25791801
25791757
25791724
25791565
25791221
25791047
25791003
25790822
25790794
25790109
25789855
25789821
25789786
25789768
25788862
25786069
25786056
25785718
25784616
25784349
25783992
25783875
25783672
25783608
25783593
25783583
25783524
25783516
25783511
25783484
25783479
25783472
25783453
25783398
25783329
25783307
25783299
25783048
25782931
25782893
25782839
25780934
25780915
25780886
25780776
25780763
25780748
25780727
25780705
25780681
25780652
25780644
25780628
25780604
25780585
25780574
25779187
25779117
25779104
25779086
25779068
25779042
25778984
25778961
25778944
25778936
25778925
25778894
25778889
25778884
25778870
25778860
25778855
25778834
25778742
25778722
25778707
25778675
25778658
25778593
25778520
25778506
25778500
25778482
25778473
25775620
25774624
25774540
25774499
25774477
25774411
25774409
25774393
25774384
25774357
25774212
25774187
25774179
25774175
25774144
25774123
25774100
25774027
25774013
25773978
25773916
25773909
25773846
25773819
25773751
25773735
25772528
25771946
25765564
25763064
25762983
25761024
25760943
25759238
25757607
25755504
25755384
25755254
25755128
25755066
25754983
25748573
25748432
25743113
25741535
25741376
25741043
25740750
25740744
25740379
25740369
25740361
25740355
25740232
25740061
25740050
25740040
25739880
25739709
25739696
25739604
25739599
25739588
25739413
25738338
25738110
25737618
25737586
25737467
25737275
25737255
25736718
25735504
25735469
25735432
25735340
25735032
25734252
25734072
25734031
25733932
25733542
25733534
25733517
25733499
25733487
25733478
25733467
25733451
25733443
25733433
25733417
25733366
25733356
25733335
25733312
25733306
25733299
25733286
25733263
25733118
25733110
25733100
25733035
25731295
25729535
25729157
25728354
25728213
25726003
25725901
25725822
25725740
25725642
25725549
25725439
25725242
25722813
25722652
25721682
25721674
25721360
25717614
25716679
25713464
25713302
25713185
25712125
25712024
25711368
25710752
25710681
25710654
25709637
25709603
25709316
25709296
25709026
25708993
25708975
25708958
25707943
25707748
25707713
25707691
25707677
25707576
25697553
25697549
25697538
25697532
25697265
25697254
25697246
25697239
25697233
25697096
25697045
25694889
25694524
25694316
25694141
25694118
25694079
25694064
25693871
25691420
25689999
25688839
25687835
25686095
25685557
25685027
25684244
25681735
25680884
25675557
25673425
25670534
25670365
25669991
25669929
25669906
25665240
25665025
25664906
25664887
25664852
25664851
25664824
25664615
25664603
25664584
25664567
25664560
25664532
25664504
25664308
25664297
25664275
25664263
25664236
25663966
25663848
25663681
25661834
25661667
25661409
25661288
25661198
25661110
25661094
25660988
25660540
25659809
25658976
25658371
25658213
25658026
25657960
25657864
25657849
25657763
25657543
25657356
25657197
25657151
25657091
25655835
25655795
25655780
25655685
25655642
25655588
25655548
25655525
25655509
25655286
25654757
25654737
25654648
25654621
25654611
25654500
25654285
25654259
25654247
25654226
25654074
25653921
25653516
25653280
25653197
25652995
25652572
25652345
25651861
25651466
25651249
25650870
25650842
25650680
25650328
25650228
25649989
25649641
25649502
25648975
25648888
25648726
25648587
25648580
25648504
25648447
25648422
25648389
25648340
25648274
25648248
25648227
25648177
25648023
25647952
25647777
25647406
25647395
25647268
25647118
25647066
25646977
25646893
25646822
25646780
25646751
25646633
25646497
25646435
25646318
25646200
25646178
25646091
25646071
25645845
25645829
25645671
25645516
25645442
25645391
25645280
25645225
25645088
25644792
25644465
25644343
25643867
25643393
25642354
25642304
25642287
25642228
25642192
25642072
25642056
25642035
25640761
25640727
25640729
25640563
25640416
25640409
25640233
25640123
25640107
25640094
25640079
25639697
25639587
25639566
25639531
25639506
25639489
25639482
25639448
25633167
25633014
25632949
25632729
25632714
25632669
25632596
25632506
25630224
25630154
25630082
25629123
25624154
25623494
25622728
25622701
25622656
25622628
25622597
25622552
25622343
25622325
25622292
25622241
25622203
25622164
25622156
25622066
25621841
25621733
25621724
25621710
25621577
25621432
25621412
25621407
25621399
25621401
25621359
25621345
25621329
25621312
25621297
25621281
25621272
25621258
25621231
25621215
25621202
25621182
25621152
25620390
25620338
25620320
25620300
25620080
25620027
25619069
25619009
25618989
25618984
25618977
25618548
25618540
25618516
25618500
25618488
25618485
25618477
25618466
25618458
25618423
25618361
25618354
25618349
25618344
25618337
25618329
25618330
25618308
25618299
25618292
25618276
25618270
25618262
25618183
25618160
25618157
25618150
25618144
25618139
25618131
25618127
25618109
25618061
25618053
25618011
25618007
25618003
25618001
25617993
25617965
25617959
25617955
25617950
25617944
25617892
25617879
25617861
25617850
25617846
25617840
25617830
25617799
25617789
25617784
25617735
25617730
25617720
25617712
25617685
25617678
25617672
25617669
25616917
25616893
25616863
25616857
25616851
25616822
25616813
25616805
25616794
25616786
25616782
25616780
25616732
25616728
25616715
25616714
25616712
25616667
25616628
25616626
25616620
25616616
25616604
25616599
25616596
25616591
25616578
25616575
25616569
25616538
25616532
25616497
25616489
25616481
25615232
25615177
25615132
25606208
25606056
25605478
25604995
25604817
25603984
25603048
25602810
25601100
25600879
25600773
25600747
25600691
25600648
25600072
25599993
25599348
25599124
25598466
25598349
25598007
25597631
25597558
25597111
25597088
25596981
25596904
25596857
25596783
25596717
25596666
25596624
25596591
25596520
25596470
25596446
25596358
25596333
25596156
25595478
25595200
25595040
25594914
25594672
25594488
25594416
25593636
25593087
25592545
25592500
25591850
25591685
25591599
25591395
25591326
25591113
25589509
25588095
25587805
25586284
25586029
25585342
25585299
25585276
25585246
25585216
25585207
25585191
25585148
25584934
25584862
25584341
25583893
25583882
25583853
25583808
25583762
25583425
25582946
25582947
25582915
25582887
25582889
25582839
25582783
25582695
25582150
25582048
25581941
25581592
25581141
25580826
25580672
25580532
25578520
25575911
25574141
25574049
25573809
25572354
25572196
25571941
25571901
25571831
25571634
25571614
25570403
25568051
25567999
25560354
25556327
25556295
25555818
25554939
25554455
25554428
25553027
25552829
25552705
25551483
25550740
25550635
25550600
25550200
25550178
25549979
25549759
25549515
25548796
25548456
25547471
25547436
25545197
25544997
25544651
25544534
25544392
25544322
25543668
25543619
25543522
25541729
25541165
25540164
25540095
25540009
25539669
25537233
25537210
25536856
25536485
25536395
25536361
25536329
25535893
25535475
25535225
25534935
25534879
25534637
25533957
25533464
25532971
25532919
25532754
25532702
25532656
25532615
25532581
25532567
25532538
25532272
25532235
25531986
25531923
25531893
25531881
25531853
25531790
25531770
25531653
25531196
25530859
25530800
25530777
25530744
25530724
25530692
25530661
25530604
25530586
25530566
25530535
25529538
25529331
25526190
25525838
25524900
25524851
25524655
25524570
25523484
25523280
25523208
25523102
25522362
25522114
25522066
25521985
25521611
25520903
25520622
25520580
25519867
25519329
25517446
25517198
25517045
25516865
25516585
25516253
25516073
25516002
25515907
25515680
25515123
25515030
25514673
25514521
25514495
25514449
25514433
25514413
25514363
25514285
25514220
25514087
25513965
25513947
25513814
25513746
25513481
25513274
25513065
25512620
25512335
25512084
25511799
25511740
25511580
25511235
25511174
25511168
25511161
25511127
25510924
25510888
25510716
25510676
25510634
25510611
25510587
25510557
25510318
25510297
25510296
25510256
25510243
25510231
25510200
25510142
25510034
25510019
25509991
25509932
25509902
25509860
25509838
25509814
25509810
25509786
25509762
25509756
25509718
25509682
25509592
25509521
25509464
25509408
25509398
25509293
25509268
25509147
25509121
25509095
25509079
25509053
25509027
25509003
25508994
25508968
25508829
25508668
25508639
25508621
25508590
25508414
25508408
25508395
25508392
25508363
25508332
25508329
25508271
25508217
25508221
25508151
25508114
25508027
25507936
25507908
25507846
25507679
25507604
25507513
25507397
25507340
25507320
25507286
25507234
25507220
25507183
25507153
25507147
25507133
25507101
25507042
25506988
25506915
25506808
25506474
25506194
25506089
25506083
25505898
25505758
25505730
25505644
25505577
25504977
25504868
25504800
25504704
25504647
25504616
25504423
25504382
25503826
25503749
25503537
25502373
25501671
25501651
25501634
25501614
25501605
25501599
25501593
25501570
25501534
25501515
25501474
25501450
25501371
25501355
25501321
25501285
25501262
25501234
25501193
25501165
25501121
25501095
25501038
25500982
25500954
25500887
25500674
25498682
25498554
25498512
25498364
25498304
25498261
25498189
25498169
25498142
25497520
25497366
25496962
25496682
25495927
25495833
25495718
25495709
25495695
25495620
25495610
25495557
25495376
25495298
25494820
25494811
25494788
25494773
25494375
25494358
25494350
25494335
25494321
25494030
25494014
25493998
25493985
25493971
25493959
25493942
25493880
25493865
25493844
25493836
25493822
25493811
25493734
25493715
25493705
25493693
25493681
25493666
25493632
25493558
25493533
25493525
25493500
25493476
25493462
25493447
25493419
25493404
25493365
25493352
25493348
25493335
25493321
25493311
25493298
25493287
25493181
25493169
25493160
25493149
25493141
25493129
25493043
25493039
25493028
25493019
25493006
25492996
25492988
25492977
25492967
25492956
25492940
25492808
25492763
25492746
25492733
25492707
25492692
25492681
25492660
25492569
25492529
25492472
25492462
25492454
25492437
25492427
25492417
25492411
25492405
25492381
25492345
25492336
25492330
25492321
25492290
25492260
25492248
25492244
25492204
25492192
25492176
25492157
25492149
25492135
25492125
25492118
25492111
25492072
25492057
25492049
25492035
25492021
25492016
25491986
25491977
25491946
25491932
25491918
25491908
25491902
25491887
25491805
25491786
25491782
25491783
25491766
25491765
25491756
25491744
25491734
25491724
25491711
25491708
25491705
25491704
25491697
25491682
25491665
25491663
25491616
25491593
25491574
25491492
25491453
25491443
25491431
25491426
25491399
25491386
25491378
25491371
25491356
25491348
25491344
25491345
25491327
25491324
25491325
25491314
25491283
25491251
25491221
25491208
25491201
25491200
25491185
25491186
25491175
25491173
25491159
25491156
25491150
25491147
25491135
25491130
25491128
25491113
25491056
25491026
25491014
25491002
25490996
25490979
25490948
25490888
25490856
25490773
25490765
25490731
25490653
25490613
25490570
25490555
25490474
25490427
25490303
25490227
25490206
25490184
25490162
25490109
25490106
25490045
25490025
25490005
25489962
25489920
25489869
25489860
25489815
25489750
25489698
25489689
25489608
25489553
25489513
25489489
25489448
25489428
25489360
25489351
25489330
25489314
25489279
25489275
25489225
25489116
25489105
25489069
25489063
25489029
25489023
25488977
25488820
25488766
25488737
25488699
25488547
25488504
25488454
25488415
25488387
25488335
25488242
25488224
25488181
25488056
25488020
25487980
25487928
25487901
25487846
25487843
25487755
25487673
25487607
25487597
25487543
25487489
25487478
25487424
25487331
25487268
25487204
25487160
25487142
25487079
25487036
25486881
25486752
25486641
25486616
25486585
25486429
25486336
25486299
25486204
25486157
25486122
25486106
25486094
25485633
25485534
25485491
25485456
25485411
25485378
25485349
25485327
25485324
25485214
25485173
25485172
25485147
25485142
25485120
25485045
25484995
25484962
25484901
25484872
25484787
25484762
25484725
25484693
25484664
25484633
25484626
25484600
25484588
25484526
25484492
25484488
25484450
25484436
25484343
25483891
25483790
25483482
25473926
25473798
25472437
25472403
25472360
25472338
25472322
25472266
25472144
25472117
25472002
25471984
25471861
25471762
25471538
25471475
25471403
25471360
25471235
25471113
25470883
25470824
25470296
25469974
25469838
25469669
25468475
25468426
25468395
25468361
25468291
25468243
25468212
25468180
25468146
25468143
25467869
25467834
25467797
25467739
25467679
25467487
25467444
25467333
25467239
25467219
25467195
25467160
25467137
25467121
25467029
25466999
25466944
25466937
25466910
25466858
25466812
25466773
25466754
25466731
25466713
25466685
25466665
25466622
25466608
25466518
25466437
25466410
25466379
25466341
25466288
25466250
25466214
25466125
25466040
25465997
25465975
25465907
25465872
25465865
25465790
25465687
25465541
25465477
25465344
25465206
25465144
25464864
25464823
25464790
25464746
25464690
25464493
25464457
25464411
25464356
25464279
25464139
25464052
25464010
25463931
25463868
25463813
25463817
25463729
25463709
25463661
25463608
25463573
25463535
25463465
25463282
25463163
25463119
25462576
25462382
25462195
25462006
25462003
25461630
25461622
25461376
25461292
25461033
25461003
25460985
25460671
25460499
25460390
25460316
25460064
25459688
25459355
25459337
25459136
25459132
25458921
25458594
25458475
25458428
25458420
25458331
25458226
25458104
25458036
25457695
25457573
25457169
25457021
25455834
25455808
25455753
25455732
25455720
25455694
25455668
25455639
25455602
25455504
25455480
25455448
25455420
25455346
25455312
25455276
25455236
25455204
25455165
25455122
25455094
25455013
25454697
25454333
25454095
25454097
25454061
25454034
25454001
25453968
25453942
25453906
25453866
25453824
25453801
25453746
25453706
25453637
25453595
25453494
25453445
25453382
25453342
25453294
25453223
25453193
25453161
25453134
25453106
25453040
25453004
25452963
25452923
25452890
25452852
25452821
25452544
25452501
25452384
25452295
25451735
25451684
25451619
25451557
25451520
25451489
25451421
25451355
25451324
25451253
25451209
25450936
25450885
25450861
25450831
25450788
25450719
25450701
25450663
25450620
25450580
25450552
25450509
25450123
25450002
25449928
25449762
25449640
25449620
25449403
25449306
25449137
25448466
25446188
25446073
25445909
25445654
25445626
25445499
25445389
25445042
25444999
25444929
25444708
25444622
25444048
25443884
25443817
25443669
25443508
25443392
25442743
25442126
25442096
25442067
25442039
25442013
25441930
25441802
25441771
25441766
25441721
25441600
25441473
25441408
25440724
25440512
25440417
25440359
25440357
25440313
25440278
25440178
25440150
25440015
25439945
25439906
25439869
25439833
25439771
25439686
25439666
25439638
25439594
25439417
25439413
25439109
25439040
25438774
25438759
25438677
25438627
25438556
25438465
25438412
25438313
25438084
25437980
25437932
25437553
25437493
25437461
25437439
25437395
25437204
25437157
25437126
25437111
25436928
25436899
25434767
25434647
25434508
25434492
25434393
25434379
25434343
25434321
25434281
25434259
25434238
25434203
25434172
25434152
25434134
25434112
25434073
25434065
25434043
25434021
25434010
25433999
25433966
25433943
25433916
25433860
25433806
25433775
25433753
25433723
25433712
25433693
25433660
25433625
25433486
25433467
25433456
25433380
25433371
25433309
25433179
25432862
25432393
25432360
25432289
25432252
25432117
25432063
25431853
25431822
25431755
25430619
25430041
25429919
25429793
25429485
25429008
25428897
25428533
25427007
25425264
25424464
25423668
25418317
25418244
25418215
25418178
25418122
25418104
25418052
25417930
25417821
25417773
25417757
25417718
25417600
25417567
25417520
25417499
25417460
25417457
25417431
25417400
25417357
25417341
25417304
25417241
25417204
25417193
25417130
25417053
25417015
25417011
25416998
25416937
25416924
25416914
25416907
25416873
25416841
25416825
25416765
25416250
25416110
25415928
25415908
25415889
25415839
25415841
25415812
25415653
25415614
25415578
25415548
25415535
25415490
25415359
25414871
25414852
25414828
25414813
25414793
25414764
25414673
25414599
25414572
25414545
25414469
25414324
25414288
25414238
25414145
25414101
25414066
25414023
25413985
25413964
25413944
25413910
25413766
25413731
25413703
25413665
25413624
25413573
25413514
25413470
25413436
25413292
25413283
25413262
25413249
25413239
25413205
25413202
25413176
25413152
25413148
25413149
25413120
25413114
25413099
25413096
25413067
25413059
25413050
25413023
25412969
25412911
25412879
25412873
25412815
25412574
25412460
25412411
25412370
25412218
25412178
25412097
25412037
25411236
25409844
25409779
25408431
25408330
25407795
25407449
25407312
25406851
25406012
25405944
25405852
25405753
25405438
25405350
25405268
25405248
25405244
25405177
25405153
25405146
25405126
25405080
25405058
25405043
25404988
25404944
25404923
25404909
25404839
25404837
25404791
25404793
25404764
25404729
25404720
25404691
25404670
25404639
25404616
25404601
25404590
25404552
25404525
25404501
25404468
25404461
25404428
25404390
25404327
25404316
25404235
25404156
25404147
25404031
25403664
25403478
25403379
25403343
25403302
25403260
25403221
25403203
25403160
25402956
25402776
25402691
25402682
25402666
25402638
25402607
25402535
25402423
25402202
25402160
25402082
25401981
25401902
25401620
25401551
25401494
25401381
25401344
25401277
25401180
25401083
25401007
25400955
25400867
25400823
25400674
25400510
25400455
25399864
25399496
25399401
25399299
25398791
25398730
25398395
25398322
25398151
25398119
25398097
25398027
25397993
25397989
25397958
25397920
25397906
25397802
25397778
25397767
25397737
25397716
25397700
25397696
25397688
25397651
25397648
25397578
25397563
25397533
25397508
25397480
25397464
25397455
25397441
25397428
25397399
25397401
25397302
25397261
25397230
25397226
25397186
25397121
25396845
25396788
25396738
25396480
25396353
25396319
25396081
25395842
25395325
25395275
25395266
25395198
25395164
25395003
25394602
25394131
25394069
25393994
25393088
25393027
25392893
25391856
25390671
25390408
25390212
25389717
25389706
25389599
25389569
25389509
25389464
25389427
25389306
25389273
25389112
25389046
25388834
25388546
25388486
25388455
25388401
25388315
25387162
25386995
25386515
25386478
25386364
25386194
25386185
25386059
25386053
25386007
25386000
25385949
25385848
25385788
25385647
25385559
25385544
