27337938
27335349
27332449
27331177
27325189
27306264
27305250
27304468
27301191
27297014
27291899
27291860
27291818
27291707
27291452
27291344
27291277
27291246
27291158
27291103
27290945
27290086
27288732
27288479
27286740
27285849
27285065
27283523
27283255
27283224
27283116
27283071
27282972
27282881
27282857
27282789
27282304
27282227
27282177
27282057
27281870
27281775
27281669
27279891
27279430
27279107
27278934
27273779
27272627
27256265
27255520
27251384
27251176
27250993
27244777
27227529
27227397
27227276
27227235
27219290
27214964
27199583
27199182
27199120
27199072
27198992
27198922
27195828
27195592
27194736
27194447
27194353
27194290
27193937
27193190
27192680
27190341
27190167
27190051
27190007
27189806
27189707
27189601
27189383
27188137
27185406
27185042
27185006
27184975
27184948
27183142
27182436
27182356
27181804
27180369
27180250
27179935
27165811
27165632
27165508
27160881
27160785
27152032
27144789
27141597
27141096
27141037
27135277
27135233
27107713
27104693
27098969
27098395
27095935
27089316
27088948
27088183
27088087
27088024
27087973
27087903
27087833
27087768
27087606
27087459
27087274
27082855
27082021
27081851
27081693
27081512
27081295
27072669
27066278
27058771
27058463
27056985
27055645
27055023
27054790
27054683
27054629
27054559
27054539
27054295
27053805
27053530
27053215
27051455
27050885
27050048
27049500
27049417
27049346
27049195
27048939
27048915
27048703
27048632
27048298
27048198
27047801
27046371
27044825
27044766
27044743
27044339
27043983
27042734
27031978
27029071
27027789
27019127
27019020
27018771
27017106
26993994
26985124
26984297
26982870
26982667
26978663
26973431
26972947
26970936
26970745
26970606
26960055
26955202
26953551
26953515
26953363
26951530
26950151
26946267
26942375
26942311
26933553
26933399
26932901
26923604
26923452
26923419
26922728
26922505
26914115
26907923
26907890
26907740
26907551
26907025
26906978
26906847
26903117
26898654
26898590
26898588
26898523
26898455
26894308
26892416
26889500
26884068
26881591
26880565
26873769
26873615
26873545
26859213
26859203
26859191
26859174
26859140
26859115
26859084
26859040
26859016
26858953
26858914
26858871
26832817
26831829
26829272
26829106
26828059
26827948
26827579
26827270
26826899
26826321
26825934
26821414
26819021
26816925
26813447
26807494
26806884
26806841
26806791
26806638
26806593
26804055
26803992
26803804
26799238
26794692
26793938
26791677
26791647
26791603
26790984
26789083
26788623
26787569
26787454
26787338
26786792
26786247
26772893
26772311
26771276
26752410
26752273
26752263
26751819
26751698
26751589
26751473
26751429
26751340
26745017
26744954
26744202
26744020
26742204
26741137
26741083
26740494
26740351
26740279
26740093
26739913
26739723
26739449
26739264
26739174
26739025
26738914
26738853
26738669
26731872
26731578
26725386
26721663
26721422
26721084
26718142
26717459
26716999
26711956
26709731
26708911
26707174
26707055
26706583
26706417
26706354
26703593
26703441
26699154
26696338
26696055
26696032
26696009
26695977
26695956
26695926
26695902
26695881
26695863
26695844
26695817
26695787
26695707
26694495
26691185
26690504
26689141
26687361
26687301
26687097
26686998
26686962
26686899
26686576
26686251
26680542
26677594
26675635
26675445
26674454
26674227
26673944
26673452
26673401
26673359
26673199
26671205
26671143
26668300
26665639
26656346
26654663
26653940
26652428
26646606
26645488
26645322
26645235
26644756
26644685
26644555
26644499
26644289
26644131
26643993
26643833
26643754
26643506
26643296
26643182
26643128
26643054
26642965
26642831
26642743
26642604
26642537
26642482
26642433
26642307
26642219
26642164
26642113
26642097
26641844
26640054
26636796
26634719
26634413
26632868
26632534
26628633
26628224
26628145
26617045
26614795
26614746
26614707
26614661
26614584
26614514
26614415
26610908
26610787
26610609
26610479
26610360
26610288
26610120
26609864
26609756
26609703
26609696
26609621
26609611
26609477
26608434
26608342
26608233
26608128
26603610
26603481
26603214
26603158
26603093
26603020
26602836
26602753
26602698
26602630
26602536
26602379
26601962
26601429
26598281
26597888
26597401
26597277
26595965
26590346
26590115
26589853
26589763
26589689
26587267
26586190
26586185
26583363
26581198
26580318
26576381
26575601
26575568
26575541
26575242
26575145
26575020
26574895
26573713
26571349
26569253
26569129
26568844
26558815
26556502
26545340
26541911
26541575
26541479
26538047
26537969
26537742
26537654
26537601
26537533
26537480
26537388
26537353
26537291
26537241
26537096
26536988
26536880
26536808
26536731
26536681
26536535
26536388
26536327
26536288
26536167
26536136
26536087
26536046
26535964
26535893
26535853
26535750
26535692
26535644
26535630
26535457
26535404
26535310
26535216
26535161
26535107
26534948
26534807
26534702
26534549
26534286
26534236
26534174
26534048
26533939
26533879
26533752
26533605
26533407
26524681
26524506
26522418
26521424
26519178
26517385
26516854
26516782
26516716
26516555
26514493
26512821
26512728
26512624
26512522
26512517
26511325
26510439
26510318
26510311
26509817
26508904
26508639
26508542
26502456
26501936
26501545
26500825
26500796
26500777
26500763
26500753
26500742
26500627
26500611
26500580
26500566
26500553
26500551
26500537
26500521
26500505
26500470
26500171
26498150
26493778
26493762
26493652
26493632
26493570
26489798
26485227
26482282
26482025
26481806
26481584
26481362
26481168
26480994
26480602
26480455
26480255
26480140
26479519
26479268
26479000
26478808
26478638
26477800
26470115
26469053
26463713
26463475
26463125
26462625
26459961
26459932
26459906
26459881
26459858
26459827
26446491
26446483
26446478
26446473
26446468
26446465
26446463
26446460
26446454
26446452
26446450
26446445
26446444
26446442
26446437
26446435
26446415
26446409
26446405
26446401
26446396
26446393
26446385
26446381
26446372
26446364
26446359
26446356
26446355
26446354
26446339
26446333
26446328
26446325
26446320
26446318
26446315
26440830
26437188
26437022
26436984
26436830
26436693
26436665
26436596
26436543
26436315
26435963
26435884
26428883
26426509
26426200
26422397
26422305
26422110
26421904
26421522
26421417
26421362
26421153
26420955
26420827
26420704
26420628
26420548
26420488
26420420
26420229
26420118
26419623
26416974
26415363
26414903
26414446
26408061
26406538
26405828
26405678
26398448
26397544
26397494
26397442
26397371
26397257
26397190
26397022
26396942
26396872
26396115
26396091
26396063
26396028
26396006
26395975
26393794
26393699
26393364
26392016
26391964
26391800
26391567
26391125
26390835
26390327
26390274
26390117
26390042
26388864
26387677
26387499
26387396
26387381
26387131
26387073
26385859
26385734
26385036
26384970
26384907
26384414
26384311
26384073
26383974
26383965
26383904
26383906
26383876
26383803
26383798
26383614
26383381
26383185
26383047
26382847
26382713
26382320
26377460
26373358
26372816
26362252
26362176
26361838
26361383
26360500
26358696
26357986
26357962
26357005
26356852
26356793
26356699
26356559
26356307
26356188
26356003
26355804
26355500
26355254
26354822
26353958
26351534
26351405
26350628
26348549
26344903
26344443
26344104
26341687
26341256
26339502
26339400
26339183
26339113
26339059
26338731
26335226
26329127
26325746
26325644
26325615
26325546
26325494
26325428
26325356
26325133
26324986
26324978
26323703
26321886
26321873
26321647
26319987
26314297
26313839
26313780
26313662
26313576
26313552
26313482
26313152
26312904
26312733
26307439
26307362
26307282
26306758
26306736
26301629
26298786
26298728
26298677
26298597
26297222
26296971
26296657
26296445
26296253
26295397
26294980
26294820
26294045
26293560
26293524
26293326
26293172
26291366
26291091
26289750
26288801
26285381
26283811
26278496
26278483
26278375
26278003
26277817
26277782
26277716
26277660
26277566
26277427
26274908
26274627
26273016
26272970
26272857
26272266
26270415
26270293
26270128
26270084
26269946
26269919
26269883
26269863
26269842
26269824
26269809
26269783
26269762
26269580
26269225
26268445
26268368
26268213
26267460
26267281
26267262
26267064
26267052
26266941
26266874
26264019
26263963
26263921
26263853
26262884
26262535
26262495
26262376
26262368
26261932
26261726
26261540
26260958
26260839
26260798
26260603
26260552
26260500
26259986
26259883
26259837
26259710
26259675
26259584
26259586
26259522
26259425
26259296
26259255
26259211
26254869
