28231733
28224682
28224620
28224367
28224324
28224280
28224155
28224133
28224097
28224061
28223995
28222723
28222645
28222362
28222313
28222287
28222269
28221610
28221535
28221331
28221120
28220908
28220718
28220381
28217090
28216952
28216854
28216744
28215628
28215557
28215472
28215105
28208146
28205500
28204711
28203713
28203681
28203597
28203577
28203554
28203474
28203301
28203298
28202823
28202456
28202306
28202166
28202084
28201961
28201918
28201850
28201773
28201680
28201206
28201059
28200913
28200848
28200794
28200566
28200530
28200519
28200508
28200379
28200351
28200319
28200300
28200289
28200271
28200248
28200231
28200206
28200185
28200139
28200114
28198172
28197932
28197239
28196992
28196765
28196613
28196574
28196431
28196401
28196379
28196364
28196331
28196320
28196281
28196277
28196238
28196205
28196175
28196153
28196104
28196070
28196037
28196010
28195981
28195951
28195894
28195888
28195881
28195842
28195836
28195780
28195759
28195709
28195627
28195550
28195490
28195331
28194754
28194657
28194646
28194316
28193940
28193834
28193552
28191688
28190102
28189795
28187720
28186804
28185758
28185201
28184985
28184863
28184687
28184295
28183621
28183537
28183451
28183402
28183403
28183362
28183305
28183148
28183135
28183066
28182829
28182571
28182506
28180104
28179960
28179748
28179723
28179026
28178953
28177062
28175827
28174353
28173802
28171858
28167916
28167878
28166968
28165881
28165029
28163154
28163041
28162942
28162913
28162877
28162819
28162609
28162574
28162468
28162437
28162358
28162253
28162243
28162233
28162225
28162093
28162039
28161984
28161907
28161871
28161796
28160176
28160071
28160032
28159900
28159845
28159767
28159532
28159317
28159258
28158301
28157548
28157402
28157218
28157144
28157117
28156656
28155580
28153418
28153347
28153110
28152931
28152840
28152402
28152313
28152159
28151499
28151185
28150920
28150781
28150549
28150482
28150341
28150275
28150140
28149935
28149867
28149716
28149639
28148798
28148712
28148532
28148470
28147893
28147682
28147571
28147353
28147059
28145994
28145086
28144813
28144646
28135171
28135078
28135048
28134992
28134964
28134890
28134511
28134443
28134408
28134318
28134197
28134141
28134087
28134036
28133900
28133718
28133582
28133519
28133479
28133435
28133408
28133400
28133376
28133366
28133336
28133332
28133319
28133277
28133193
28132970
28132951
28132938
28132909
28132816
28132789
28132766
28132634
28132542
28132413
28132282
28132232
28132192
28132124
28132086
28132052
28132014
28131983
28131971
28131907
28131771
28131500
28131291
28131157
28131066
28130808
28130691
28130587
28130441
28130199
28129979
28129947
28129851
28129728
28129273
28129144
28129062
28129006
28128926
28128795
28128777
28128719
28128672
28128640
28128597
28128586
28128556
28128522
28128492
28128485
28128183
28128044
28128023
28127986
28127944
28127892
28127854
28127841
28127608
28127417
28127375
28127285
28127213
28127165
28127116
28127097
28127027
28126963
28126952
28126910
28126871
28126816
28126772
28126748
28126665
28126600
28126552
28126357
28126291
28126272
28126177
28126095
28126039
28125992
28125961
28125924
28125890
28125817
28125733
28125678
28125619
28125564
28125509
28125468
28125452
28125406
28125347
28125307
28125177
28124987
28124848
28124794
28124700
28124613
28124530
28124390
28124298
28124043
28123502
28123408
28123144
28123109
28123063
28123062
28123042
28122995
28122964
28121198
28121080
28119535
28119188
28118746
28118603
28118394
28117796
28117709
28117003
28116787
28116705
28116266
28116145
28116097
28115989
28115986
28115913
28115590
28114530
28113977
28113283
28113098
28112938
28112841
28111114
28111110
28110849
28105784
28105758
28105743
28105726
28105712
28105691
28105637
28105614
28105592
28105572
28105552
28105530
28105510
28105490
28105462
28105393
28105386
28105355
28105327
28105308
28105292
28105256
28105226
28105197
28105177
28105158
28105136
28105113
28105091
28105076
28105055
28105010
28104990
28104979
28104958
28104937
28104917
28104897
28104866
28104858
28104853
28104834
28104818
28104802
28104783
28104760
28104737
28104719
28104696
28104691
28104676
28104664
28104650
28104626
28104598
28103102
28100293
28099790
28099632
28098240
28098176
28097332
28097004
28095905
28095864
28095807
28095035
28094730
28094490
28094414
28094378
28094209
28094084
28094008
28093703
28093666
28093126
28092807
28092797
28092772
28092601
28092539
28092008
28091923
28091828
28091735
28091656
28091553
28091521
28091313
28084194
28084180
28084166
28083927
28083860
28083741
28083468
28083329
28083295
28083249
28083205
28083133
28083090
28083016
28082983
28082783
28082741
28082740
28082707
28082659
28082609
28082446
28082407
28082215
28082158
28081588
28081327
28081250
28081141
28080816
28080647
28080592
28080463
28080144
28080019
28079868
28079715
28079513
28079024
28078800
28078692
28078541
28078398
28078116
28078087
28077605
28075398
28075110
28074743
28074423
28074100
28074084
28074028
28073891
28073343
28073327
28073295
28073229
28073124
28073047
28072994
28072976
28072951
28072909
28072830
28072566
28072484
28072487
28072338
28071405
28071224
28070931
28070885
28070849
28070772
28070753
28070718
28070671
28070666
28070618
28070610
28070530
28070478
28070405
28070354
28070260
28070063
28069959
28069928
28069904
28069891
28069884
28069822
28069708
28069601
28069560
28069174
28069150
28069101
28068988
28068886
28068786
28068543
28068524
28068498
28068336
28068219
28068131
28068071
28067995
28067956
28067924
28067579
28067203
28067194
28067076
28066965
28066927
28066727
28066674
28066599
28065065
28062371
28062159
28062136
28059604
28059062
28058318
28057691
28057474
28056698
28056504
28056248
28056068
28056037
28055649
28055453
28055246
28055087
28055010
28054951
28054905
28054825
28054629
28054543
28054415
28053819
28053809
28053756
28053697
28053673
28053626
28053436
28053342
28053151
28052915
28052847
28052837
28052803
28052781
28052579
28052553
28052506
28052496
28052453
28052449
28052429
28052430
28052363
28052354
28052308
28052291
28052198
28052084
28051824
28051711
28051637
28051601
28051587
28051509
28051428
28051392
28051394
28051360
28051335
28051266
28051228
28051157
28051139
28051045
28051015
28050870
28050848
28050789
28050767
28050724
28050668
28050644
28050540
28050487
28050452
28050379
28050240
28050184
28050096
28050024
28050003
28049940
28049933
28049658
28049286
28048567
28047890
28047832
28047750
28047690
28047621
28047558
28046819
28046741
28046654
28046564
28046430
28046320
28046232
28046136
28045518
28045497
28045412
28044174
28044081
28043789
28042755
28042617
28042595
28042506
28042466
28042432
28042416
28042400
28042381
28042280
28042031
28040552
28040303
28040215
28040154
28040065
28040002
28039838
28039554
28039489
28039360
28037798
28037678
28037635
28037282
28037247
28037206
28037163
28037149
28037131
28034913
28034876
28034866
28034857
28034850
28034849
28034847
28034827
28034778
28034734
28028882
28028837
28028818
28028778
28028745
28028702
28028683
28028643
28028611
28028493
28028312
28027412
28027061
28026717
28026353
28026309
28026272
28026236
28026200
28026030
28025889
28025680
28025662
28025514
28025391
28025196
28025194
28024891
28023983
28023328
28023171
28022995
28021461
28021184
28021027
28020754
28020747
28020689
28020671
28020623
28020479
28020310
28020222
28020208
28020180
28019093
28018432
28018397
28018376
28018331
28018302
28018258
28018231
28018215
28018200
28018192
28018182
28018164
28018114
28018084
28018070
28018059
28018034
28017999
28017979
28017958
28017938
28017918
28017871
28017780
28017739
28017723
28017707
28017684
28017661
28017651
28017630
28017614
28017589
28017573
28017549
28017499
28017474
28017451
28017435
28017417
28017261
28017251
28017239
28017186
28017138
28017107
28017013
28016978
28016961
28016927
28016901
28016876
28016852
28016839
28016805
28016785
28016759
28016717
28016687
28016660
28016637
28016594
28016577
28016555
28016500
28016475
28016447
28016423
28016365
28016332
28016329
28016307
28016297
28016274
28016238
28016228
28016107
28016069
28016047
28016034
28016026
28016006
28015987
28015964
28015937
28015916
28015904
28015846
28015837
28015813
28015784
28015772
28015762
28015741
28015727
28015720
28015702
28015616
28015608
28015585
28015537
28015525
28015508
28015472
28015449
28015423
28015272
28015279
28015203
28014838
28014697
28014593
28014581
28014008
28013973
28013834
28013551
28013514
28013482
28013460
28013432
28013308
28013116
28013101
28013073
28013047
28013023
28012987
28012967
28012848
28012722
28012676
28012592
28012573
28012524
28012483
28012447
28012263
28012215
28012148
28012096
28012025
28011989
28011962
28011751
28011635
28011583
28011211
28011103
28010845
28010559
28010463
28010147
28009791
28009492
28008359
28008270
28008228
28008064
28007927
28007736
28007670
28007613
28007578
28007548
28007508
28007473
28007421
28007324
28006930
28006328
28005845
28005525
28005522
28004856
28004341
28004276
28004201
28004190
28004110
28004077
28004040
28003972
28003922
28003889
28003858
28003743
28003460
28002737
28002703
28002685
28002679
28002640
28002580
28002561
28002516
28002464
28002415
28002404
28002403
28002296
28002255
28002236
28002217
28002186
28002182
28002056
28001990
28001913
28001865
28001725
28001627
28001539
28001507
28001459
28001439
28001424
28001332
28001308
28001286
28001279
28001213
28001129
28001099
28000982
28000955
28000858
28000747
28000722
28000676
28000637
28000546
28000523
28000481
28000402
28000386
28000347
28000229
28000207
28000182
28000157
28000130
28000029
27999916
27999858
27999851
27999718
27999582
27999532
27999416
27999251
27999206
27999174
27999142
27999028
27998793
27998398
27998333
27998281
27998144
27997845
27997681
27997397
27997141
27996610
27993858
27992767
27992700
27992597
27992548
27992496
27992399
27992283
27990543
27983977
27983644
27983578
27983406
27980645
27979977
27979336
27979152
27979133
27979115
27979091
27979071
27979020
27979004
27978983
27978963
27977897
27976437
27975110
27974623
27974542
27974513
27973958
27973830
27973544
27973444
27967733
27967215
27967141
27966455
27965900
27965874
27962955
27962905
27962798
27962315
27962185
27962070
27962032
27961588
27961532
27961471
27961413
27961392
27961339
27961083
27960819
27960492
27960290
27959561
27959522
27959259
27959214
27958987
27958812
27956433
27955671
27955546
27955265
27955232
27955191
27955157
27955116
27955006
27953377
27953256
27951770
27950334
27950294
27950233
27950216
27950195
27950171
27950160
27950140
27950126
27949677
27949658
27949628
27949602
27949580
27949553
27949531
27949428
27949382
27949357
27949339
27949316
27949300
27949166
27949148
27949125
27949106
27949089
27949049
27948935
27948912
27948893
27948868
27948842
27948816
27948793
27948671
27948610
27948588
27948564
27948296
27948222
27948192
27947909
27947870
27947846
27947831
27947791
27947756
27947646
27947601
27947557
27947526
27947484
27947450
27947423
27947389
27947310
27947313
27947257
27947239
27947189
27947167
27947143
27947125
27947101
27947063
27947019
27946994
27946958
27946933
27946906
27946854
27946818
27946781
27946758
27946715
27946669
27946638
27946328
27946320
27946296
27946260
27946226
27946207
27946150
27946132
27946121
27946096
27946050
27946044
27945930
27945918
27945900
27945872
27945823
27945794
27945587
27945439
27945319
27945294
27945216
27944615
27944333
27944030
27943860
27943776
27943660
27942960
27941900
27941751
27941594
27941458
27941237
27940682
27936147
27936132
27936120
27936110
27933254
27933143
27933020
27932949
27932887
27932805
27932727
27932650
27932578
27932536
27932505
27932451
27932392
27932296
27932232
27932070
27931993
27931945
27931899
27931861
27931808
27931762
27931694
27931597
27930223
27930018
27929961
27928834
27926601
27925386
27925189
27925136
27924929
27924315
27923967
27923840
27923771
27923669
27923077
27922950
27922347
27922308
27922267
27922247
27922207
27922115
27922000
27921878
27921829
27921717
27921563
27921551
27921544
27921534
27921522
27921502
27921487
27921466
27921453
27921444
27921434
27921426
27921409
27921400
27921390
27921378
27921366
27921351
27921340
27921327
27921308
27921293
27921278
27921271
27921267
27921260
27921250
27921238
27921229
27921222
27920996
27920821
27913469
27913454
27913444
27913411
27913014
27912937
27912760
27912620
27912558
27912455
27912360
27912178
27912035
27911827
27911607
27911405
27911207
27910211
27910204
27910194
27910193
27910184
27910162
27910151
27910138
27910131
27910116
27910091
27910074
27908757
27908741
27908728
27908711
27908697
27908676
27908661
27908646
27908427
27908225
27908210
27908202
27908189
27908177
27908166
27908155
27908137
27908122
27908112
27908102
27908087
27908075
27908065
27908058
27908050
27908042
27908034
27908013
27908005
27907999
27907988
27907982
27907974
27907649
27907637
27907626
27907615
27907601
27907594
27907588
27907584
27907574
27907563
27907552
27907529
27907523
27907516
27907505
27907492
27907475
27907462
27907448
27907437
27907428
27907413
27907402
27907394
27907378
27907359
27907340
27907322
27906799
27906787
27906775
27906758
27906750
27906737
27906724
27906715
27906703
27906694
27906682
27906673
27906651
27906645
27906632
27906623
27906595
27906577
27906560
27906547
27906537
27906528
27906512
27906506
27906498
27906487
27906469
27906449
27906443
27906431
27906423
27906417
27906402
27906314
27906302
27906292
27906285
27906271
27906256
27905565
27905360
27904655
27904637
27904597
27904476
27904374
27904332
27904186
27904089
27904013
27903851
27903578
27903520
27903516
27903130
27902835
27902760
27902739
27902672
27902603
27902286
27902221
27902118
27902054
27902008
27901873
27901714
27901567
27901481
27901272
27901120
27901000
27900906
27900647
27900572
27900450
27900434
27900313
27900268
27900252
27900238
27900114
27900011
27899955
27899939
27899846
27899804
27899622
27899518
27899497
27899335
27899217
27899044
27898901
27898790
27898778
27898772
27898591
27898317
27898166
27898069
27897764
27897749
27897439
27897423
27896643
27896043
27895759
27895053
27894930
27894803
27894763
27894623
27894591
27894565
27894512
27894477
27894450
27894382
27894331
27894314
27894282
27894234
27894205
27894172
27894178
27894123
27894095
27893994
27893987
27893944
27893939
27893864
27893737
27893612
27893531
27893525
27893500
27893471
27893396
27893386
27893310
27893306
27893304
27893237
27893214
27893182
27893102
27893060
27892990
27892847
27892837
27892832
27892788
27892752
27892712
27892681
27892626
27892487
27892297
27892230
27892157
27892104
27891992
27891939
27891762
27891666
27891617
27891587
27891462
27891254
27890973
27890654
27890597
27890430
27890403
27890210
27890004
27889962
27889898
27889885
27889787
27889765
27889251
27888762
27888427
27887877
27886776
27886322
27886141
27886003
27885839
27885507
27885228
27885215
27884727
27884235
27884124
27883679
27883440
27883279
27883200
27882979
27882535
27882331
27882318
27881937
27881785
27881661
27881585
27881543
27881485
27881234
27880937
27880024
27879949
27879914
27879710
27879696
27879045
27879021
27878420
27878386
27878316
27878188
27878034
27877621
27877466
27877096
27877069
27876732
27876663
27876603
27875757
27874475
27874214
27873606
27872847
27872752
27872555
27871893
27870872
27870268
27870175
27870102
27870018
27869911
27869117
27869073
27868950
27868885
27868796
27868674
27868546
27868490
27868264
27868095
27864970
27864868
27864347
27864314
27864219
27864124
27863951
27863856
27863728
27863599
27863515
27863343
27863188
27862938
27862918
27862875
27862754
27862701
27862602
27862545
27862364
27862311
27862262
27862226
27862183
27862175
27862127
27862011
27862004
27861791
27861646
27858666
27858388
27856793
27856715
27855334
27855087
27854250
27854197
27854144
27854123
27854026
27853997
27853958
27853943
27853897
27853854
27853827
27853786
27853760
27853735
27853697
27853671
27853629
27853595
27853570
27853540
27852980
27852800
27851799
27851533
27851453
27851398
27851069
27851008
27850933
27850849
27850683
27850618
27850438
27848701
27848498
27848360
27848182
27847828
27847614
27847571
27847544
27847165
27847079
27847028
27846972
27846941
27846895
27846878
27846855
27846786
27846740
27846718
27846611
27846533
27846508
27846469
27846426
27846328
27844617
27844095
27844053
27843979
27843479
27843188
27843082
27843002
27842953
27842871
27842804
27842765
27842731
27842384
27842371
27842354
27842334
27842226
27842155
27842151
27841556
27841487
27841486
27841442
27841364
27841357
27841319
27841287
27841233
27841202
27841164
27841140
27841118
27841103
27841104
27841089
27840998
27840992
27840967
27840946
27840924
27840914
27840894
27840867
27840847
27840814
27840789
27840728
27840494
27840001
27839764
27839566
27839547
27839522
27839466
27839350
27839323
27839301
27839297
27838990
27838797
27838694
27838404
27838389
27838280
27838222
27838178
27838084
27838026
27838019
27837855
27837732
27837718
27837579
27837506
27837392
27837322
27837290
27837163
27837145
27837088
27836913
27836881
27836630
27836594
27836429
27836384
27836378
27836306
27836145
27835947
27835934
27835894
27835691
27835623
27835351
27835241
27835217
27835184
27835140
27835077
27834973
27834880
27834818
27834630
27834422
27834281
27834119
27834026
27833962
27833912
27833887
27833872
27833779
27833760
27833575
27833488
27833337
27833076
27833032
27833022
27832819
27832578
27832482
27832316
27832259
27832164
27832131
27832122
27831841
27831739
27831553
27831378
27831246
27831074
27830883
27830703
27830695
27830422
27829892
27829359
27829065
27828993
27828962
27828874
27828866
27828539
27828471
27828422
27828231
27827996
27827612
27827326
27827168
27827128
27827012
27826617
27826555
27825836
27825793
27825762
27825723
27825403
27825342
27825251
27824996
27823740
27823632
27823595
27822215
27821807
27821530
27821471
27820382
27819965
27819742
27818581
27818328
27817740
27817072
27816806
27816576
27816561
27816534
27815887
27815820
27815718
27815569
27814661
27814636
27814611
27813746
27813682
27813494
27813403
27811349
27811085
27810868
27810741
27810614
27810182
27809117
27809056
27808984
27808988
27808905
27808823
27808725
27808664
27808550
27808547
27808409
27808289
27808140
27808131
27808008
27807912
27807778
27807764
27807753
27807593
27807477
27807281
27807218
27806877
27806747
27806470
27806290
27805986
27805881
27805239
27805085
27803758
27803265
27802951
27802862
27802650
27802179
27802108
27802025
27801411
27801354
27801057
27800844
27800676
27800237
27800179
27799632
27798391
27798352
27798259
27797976
27797925
27797857
27795949
27795811
27793658
27793653
27793646
27793640
27793626
27793601
27793591
27793585
27793576
27793571
27793562
27793549
27793534
27793530
27793512
27790348
27790339
27790338
27790321
27790317
27790297
27790286
27790257
27790243
27790240
27790229
27790223
27790177
27790153
27790136
27790121
27790106
27790088
27790081
27790075
27790065
27790057
27790018
27789978
27789973
27789968
27789960
27789936
27789924
27789911
27789871
27789837
27789820
27788781
27788755
27788745
27788680
27788665
27787985
27787961
27787864
27787633
27787621
27787565
27787388
27787356
27785624
27784687
27784022
27782966
27782793
27782668
27782602
27781768
27781763
27781539
27781321
27781174
27781011
27780594
27780372
27779874
27779302
27779229
27779012
27778853
27778598
27778424
27778190
27777635
27776608
27775735
27775635
27775382
27775225
27774161
27773916
27773640
27773288
27773061
27772320
27771071
27770691
27770662
27770525
27770457
27770326
27770240
27770096
27769947
27769291
27767931
27767619
27767347
27767261
27767100
27766849
27766562
27766497
27766431
27766355
27766287
27766036
27765906
27765564
27765208
27764831
27762042
27761591
27761501
27761502
27761409
27761352
27761253
27761180
27761112
27760388
27760281
27760139
27759608
27759603
27759537
27759479
27759430
27759353
27759164
27759036
27758854
27758834
27758731
27758645
27758617
27758511
27758506
27758446
27758395
27758250
27758155
27758091
27758023
27758003
27757852
27757774
27757587
27757588
27757468
27757455
27757387
27757304
27757288
27757204
27757111
27757075
27757070
27756991
27756901
27756894
27756798
27756786
27756651
27756558
27756556
27756509
27756478
27756338
27756310
27756270
27756262
27756250
27756194
27756132
27756110
27756041
27755936
27755927
27755925
27755822
27755812
27755708
27755667
27755656
27755437
27755401
27755326
27755049
27754442
27754396
27754256
27754226
27754155
27754118
27754063
27753998
27753674
27753512
27753462
27753282
27753195
27752712
27752643
27752389
27752189
27752081
27751883
27751827
27751790
27751770
27751749
27751715
27751695
27751684
27751666
27751640
27751611
27751613
27751601
27751588
27751573
27751552
27751540
27751527
27751519
27751499
27751485
27751463
27751435
27751439
27751408
27751378
27751341
27751300
27751268
27751251
27751228
27751197
27751183
27751158
27751135
27751087
27750882
27750848
27750517
27750467
27750424
27750365
27750316
27750299
27750281
27750250
27750242
27750216
27750199
27750171
27750161
27750135
27750048
27749982
27749555
27749485
27749439
27749359
27749320
27749104
27749027
27748942
27748864
27748770
27748662
27748624
27748228
27748164
27748079
27747511
27743638
27740712
27740612
27740547
27740419
27740413
27739046
27738271
27735639
27731925
27730894
27729873
27729522
27729300
27728813
27728248
27727956
27727848
27726961
27726784
27726772
27726612
27726603
27726452
27726447
27726418
27726343
27726304
27726219
27726192
27726131
27726101
27726042
27726019
27725971
27725902
27725859
27725827
27725717
27725618
27725474
27725399
27725069
27724962
27723392
27723028
27722998
27722971
27722928
27722888
27722849
27722815
27722793
27722775
27722737
27721871
27721520
27721371
27720820
27720406
27720303
27720150
27718477
27716736
27716558
27716523
27715978
27715750
27715709
27715673
27715636
27715620
27715587
27715452
27715408
27715401
27715376
27715304
27715212
27715214
27715206
27715103
27715038
27714996
27714989
27714984
27714858
27714766
27714580
27714509
27714488
27714477
27713960
27713912
27712677
27712628
27712567
27712300
27712032
27711980
27711917
27711875
27711783
27711766
27711760
27711685
27711585
27711559
27711533
27711475
27711375
27711361
27711329
27711258
27711176
27711068
27711041
27711016
27710941
27710898
27710877
27710714
27710685
27710634
27710570
27710533
27710330
27710311
27710130
27709851
27709837
27709804
27709797
27709773
27709770
27709724
27709670
27709635
27709605
27709581
27709565
27709540
27709512
27709479
27709462
27709455
27709400
27709398
27709403
27709345
27709340
27709342
27709258
27709263
27709215
27709003
27708993
27708955
27708901
27708864
27708741
27708734
27708724
27708715
27708677
27708670
27708648
27708623
27708571
27708423
27708321
27707916
27707844
27707815
27707274
27707268
27707179
27706961
27706842
27706836
27706766
27706735
27706719
27706670
27706644
27706588
27706580
27706408
27706342
27706236
27706139
27706038
27706020
27705971
27705940
27705879
27705874
27705864
27705824
27705817
27705784
27705721
27705696
27705443
27705433
27705357
27705321
27705316
27705297
27705283
27705245
27705191
27705152
27705127
27705103
27705022
27704970
27704948
27704935
27704919
27704902
27704872
27704839
27704822
27704618
27704619
27704576
27704532
27704501
27704382
27704377
27704335
27704298
27704231
27704171
27704079
27703640
27703549
27701599
27701504
27701427
27701165
27700587
27700472
27700238
27700221
27699949
27699879
27699626
27699619
27699613
27699520
27699479
27699351
27699292
27699255
27699122
27699074
27699032
27699006
27698915
27698861
27698734
27698602
27698577
27698509
27698006
27697972
27697796
27697543
27697472
27697345
27697202
27696884
