30523095
30522733
30522385
30521994
30520520
30520164
30520048
30519948
30519665
30519541
30519539
30519345
30519235
30519183
30518167
30509082
30508872
30505998
30505849
30505500
30505428
30505351
30505308
30505242
30505070
30478047
30468148
30464886
30464674
30464279
30463131
30462778
30462461
30461462
30461137
30460419
30445999
30445632
30445541
30444706
30444697
30444385
30444180
30442721
30442529
30441919
30439956
30439702
30439600
30439460
30433276
30433001
30432976
30432451
30432023
30431788
30431267
30431216
30431146
30431043
30430977
30430938
30430903
30430781
30430698
30430581
30430490
30430463
30430421
30430116
30429890
30429496
30429384
30429311
30429239
30429148
30429099
30428988
30428942
30428895
30428337
30428190
30428152
30427622
30427565
30427547
30427529
30427519
30427105
30427085
30427063
30427032
30423222
30422755
30422648
30422535
30422493
30409119
30408874
30393589
30386742
30386674
30386606
30386536
30386154
30386055
30384417
30384281
30384171
30377969
30377803
30377501
30377305
30373150
30372884
30372861
30372818
30372785
30372735
30372706
30372688
30371454
30369499
30369443
30364026
30360895
30360871
30360843
30359058
30359016
30357636
30357167
30357114
30357030
30356968
30356878
30356845
30356791
30356738
30354913
30349904
30349831
30349693
30349413
30349371
30349302
30348357
30348333
30348209
30348162
30348084
30347928
30347878
30347860
30347842
30347825
30347748
30347663
30347517
30347311
30347219
30347194
30347170
30347145
30347133
30347091
30347034
30347016
30346824
30346810
30346758
30346721
30346691
30341813
30341797
30332852
30324191
30320531
30317163
30305314
30302706
30289771
30283752
30279110
30279086
30279072
30279053
30279038
30279018
30278988
30278970
30278953
30278933
30278903
30278879
30278860
30278833
30278799
30278764
30278718
30278693
30278650
30278600
30276128
30273203
30271696
30261361
30260302
30259512
30257142
30256922
30254660
30254554
30253346
30253194
30251351
30242772
30242489
30241576
30241506
30241435
30241373
30239895
30232265
30232122
30225651
30225152
30224884
30224778
30224614
30224530
30224430
30224258
30224077
30223949
30223812
30223687
30223578
30223444
30223319
30223249
30222940
30221974
30221750
30219605
30211974
30210412
30210372
30210339
30210301
30210274
30210251
30210223
30210202
30209073
30209047
30209034
30209018
30208993
30208976
30208956
30208943
30208926
30208913
30208891
30208872
30208824
30208737
30208687
30208677
30208631
30208594
30208535
30208430
30207630
30207605
30207552
30207396
30206183
30205737
30205689
30203869
30203525
30203309
30203157
30203002
30202992
30202928
30202852
30202475
30202431
30202307
30202285
30201955
30201546
30201451
30201335
30200946
30200433
30200006
30199840
30199351
30199333
30199318
30199270
30199230
30199087
30198609
30198554
30198518
30198499
30198486
30198473
30198461
30198418
30198354
30198337
30198291
30198257
30198243
30198206
30197662
30197616
30197573
30197513
30197490
30197464
30197436
30197388
30197362
30197349
30197331
30197201
30197181
30197159
30197142
30197120
30197109
30197087
30197075
30197045
30197029
30197012
30196978
30196949
30196891
30196855
30196143
30196110
30196086
30196074
30196051
30195980
30195939
30195885
30195524
30195074
30194797
30194255
30193386
30193358
30193325
30193066
30193010
30192901
30192818
30192742
30192670
30192601
30192535
30192472
30192422
30191370
30191288
30191220
30190916
30190576
30190510
30190464
30190428
30190364
30190264
30190244
30190126
30190039
30189923
30189828
30189695
30189618
30189468
30189299
30189229
30189183
30188533
30188490
30188477
30188393
30187663
30185892
30185866
30185841
30183587
30181018
30176910
30176712
30176468
30176400
30176027
30175984
30175720
30175660
30175019
30174852
30174826
30173878
30171493
30171265
30171101
30171049
30170980
30170497
30170420
30170415
30170319
30170270
30170238
30168555
30165148
30164995
30164939
30164826
30163419
30163067
30163045
30163025
30162962
30162917
30162895
30162864
30162813
30162787
30162725
30162691
30162671
30162650
30162633
30162608
30162579
30162543
30162499
30162473
30162463
30162439
30162420
30162386
30162365
30162339
30162320
30162309
30162272
30162249
30162210
30162164
30162142
30162106
30162085
30162069
30162039
30162020
30161972
30161955
30161937
30161922
30161890
30161875
30161854
30161541
30161058
30161023
30160864
30160499
30160228
30160046
30159719
30159618
30159593
30159574
30159547
30159528
30159521
30159494
30159474
30158726
30158718
30158699
30158695
30158685
30158674
30158661
30158656
30158652
30158643
30158631
30158600
30158533
30158520
30158510
30158504
30158478
30158471
30158467
30158455
30158452
30158447
30158440
30158431
30158422
30158417
30158412
30158408
30158402
30158395
30158394
30158391
30158382
30158368
30158363
30158359
30158355
30158345
30158336
30158327
30158319
30158315
30158309
30158303
30158297
30158291
30158285
30158276
30158267
30158262
30158256
30158252
30158245
30158241
30158237
30158233
30158227
30158224
30158218
30158213
30158206
30158203
30158192
30158186
30158176
30158173
30158170
30158121
30158118
30158114
30158111
30158101
30158097
30158091
30158086
30158074
30158063
30158057
30158049
30158041
30158038
30158032
30158030
30158015
30158008
30157989
30157966
30157958
30157950
30157946
30157939
30157930
30157915
30157880
30157873
30157865
30157857
30157852
30157833
30157825
30157819
30157778
30157769
30157750
30157738
30157729
30157708
30157706
30157700
30155135
30155098
30155083
30155072
30154338
30154219
30153896
30153620
30153551
30153157
30152241
30150863
30150461
30150429
30150402
30150360
30150329
30150307
30150260
30150206
30150078
30150033
30150026
30149870
30149863
30149830
30149722
30149662
30149626
30149600
30149564
30149512
30149411
30149397
30148304
30148099
30148024
30147930
30147800
30147628
30147498
30147477
30146631
30146367
30146232
30145317
30144774
30144490
30143216
30143166
30143130
30143061
30143006
30142922
30142778
30142771
30142701
30142627
30142271
30142235
30142128
30142100
30142020
30141950
30141920
30141863
30141828
30141746
30141632
30141596
30141563
30141518
30141380
30141298
30141259
30140939
30140891
30140796
30140747
30140564
30140533
30140483
30140320
30140318
30140239
30140211
30140175
30140150
30140090
30140010
30139537
30139529
30139401
30139349
30139319
30139236
30139162
30139099
30138917
30138867
30138810
30138778
30138710
30138673
30138610
30138523
30138480
30138421
30138341
30138256
30138197
30138121
30137961
30137753
30137685
30137647
30137585
30137232
30137175
30137045
30137004
30136912
30136858
30136660
30136573
30136414
30136367
30135916
30135419
30135286
30135021
30134572
30133375
30133286
30131311
30131186
30131123
30131030
30130876
30130806
30126445
30126012
30125918
30125816
30125698
30125636
30125551
30125461
30125385
30125305
30125218
30125166
30124940
30124865
30124764
30124647
30124540
30115862
30111720
30111013
30109180
30109035
30107240
30107035
30106925
30106385
30105965
30104074
30103767
30103058
30102685
30099345
30099320
30099251
30099163
30098952
30098915
30098882
30098692
30098684
30098674
30098661
30098651
30098639
30098626
30098604
30098557
30098381
30098093
30096097
30095878
30095523
30095517
30095446
30094870
30094800
30094021
30091625
30091542
30091306
30091180
30091127
30091072
30090953
30090954
30090815
30090709
30090509
30090200
30090022
30089793
30087373
30087033
30085024
30081663
30081163
30080302
30078019
30077291
30077227
30076870
30076163
30075736
30075436
30074823
30074768
30074702
30074618
30074257
30074189
30074118
30074079
30074049
30073995
30073922
30073838
30073686
30073675
30073632
30073580
30073547
30073457
30073449
30073422
30073373
30073331
30073272
30073224
30072543
30072499
30072409
30072375
30072310
30072151
30072092
30071977
30071899
30071866
30071707
30071617
30071312
30070900
30069637
30068992
30068945
30068876
30068843
30068804
30068745
30068666
30068668
30068596
30068553
30068473
30068419
30068375
30068336
30068308
30068304
30068270
30068251
30068235
30068231
30068191
30068165
30068104
30068096
30068098
30068078
30068052
30068041
30068027
30067971
30067927
30067888
30067851
30067805
30067727
30067587
30067575
30067503
30067394
30067222
30067082
30066994
30066822
30065810
30065520
30065015
30064812
30064724
30064691
30064658
30064622
30064491
30064419
30064387
30064381
30064287
30064030
30063903
30063253
30063188
30063043
30062971
30062860
30062797
30062734
30062674
30062656
30062611
30062590
30062564
30062520
30062478
30062442
30062414
30062383
30062356
30062313
30062283
30062168
30062142
30062106
30062074
30061947
30061496
30060848
30060604
30060395
30060294
30060195
30059191
30058435
30058387
30058160
30057961
30057910
30057867
30057833
30057722
30057647
30057529
30057412
30057361
30057340
30057327
30056570
30056519
30056447
30056385
30056353
30056302
30056269
30055974
30055942
30055910
30055773
30055691
30055505
30054111
30054009
30053813
30053790
30053740
30053718
30053689
30053665
30053635
30053615
30053586
30053561
30053538
30053523
30053498
30053469
30053444
30053421
30053397
30053372
30053345
30053326
30053281
30051677
30050243
30047588
30046086
30042599
30036213
30025827
30025798
30025647
30025598
30025333
30024977
30024783
30019062
30013758
30012725
30012526
30012455
30012340
30012291
30012249
30011978
30010925
30010474
30008038
30007920
30007880
30007839
30007640
30007019
30006760
30005294
30005007
30004719
30004410
30004316
30004133
30002680
30002590
30002512
30002396
30002109
30001841
29976117
29975175
29975076
29975046
29974975
29974866
29974802
29974722
29974629
29972309
29969979
29967342
29965979
29965185
29964816
29964658
29963918
29963896
29963821
29963296
29962869
29962571
29961941
29961509
29961351
29960473
29960136
29959548
29958631
29954076
29954027
29953843
29953776
29953689
29953539
29953491
29953434
29953302
29952674
29952571
29952437
29952360
29952254
29952117
29948893
29948839
29948713
29948183
29948162
29948115
29948085
29948051
29947988
29947882
29947799
29947713
29947674
29947600
29947565
29947518
29947455
29947359
29947324
29947288
29947236
29947191
29947129
29947103
29947075
29947018
29946941
29946840
29946797
29946612
29946509
29946421
29946374
29946341
29946303
29946231
29946185
29946117
29945915
29944925
29944802
29944712
29944649
29944527
29944414
29942992
29942650
29941518
29931086
29924865
29924018
29923691
29923592
29923378
29923309
29923020
29922905
29922841
29922701
29922349
29922252
29922116
29922016
29921752
29921326
29921182
29920936
29920809
29920804
29920561
29920379
29920212
29920198
29920114
29919746
29919691
29919477
29919353
29919260
29918975
29918478
29918279
29917961
29917120
29915869
29915829
29915804
29915018
29908963
29908672
29908648
29908626
29908598
29908563
29908498
29908449
29908429
29908386
29900513
29900351
29900300
29900269
29900214
29900141
29900122
29900100
29893568
29893266
29892508
29892395
29892246
29891940
29891796
29891766
29891611
29891531
29891427
29891199
29891084
29891023
29890517
29890487
29890467
29890184
29890031
29889976
29889801
29889684
29889665
29889524
29889515
29889275
29889220
29889151
29889020
29888954
29888885
29888732
29888711
29888590
29888570
29888408
29888296
29888265
29887774
29887368
29887340
29886441
29885485
29885349
29885289
29885206
29885027
29884845
29884818
29884591
29884498
29883987
29883321
29883032
29882009
29881667
29881623
29881303
29881107
29880824
29880483
29880287
29880164
29880080
29879853
29879725
29879507
29879362
29879129
29878857
29878723
29878587
29878378
29878206
29878103
29877975
29877846
29877752
29877597
29877169
29876735
29873522
29861063
29857484
29854025
29852825
29852792
29852763
29852728
29852661
29852630
29852595
29852557
29852516
29852468
29852424
29852345
29852237
29852176
29850559
29850211
29850080
29849949
29849305
29849165
29849095
29848982
29848923
29848109
29846878
29846259
29846135
29845716
29845263
29845238
29845195
29845185
29845157
29845131
29845094
29845070
29845033
29844998
29844952
29844879
29844853
29844828
29844799
29844776
29844762
29844703
29844680
29844657
29844628
29844591
29844538
29844515
29844494
29844485
29844472
29844441
29844420
29844344
29844308
29844261
29844216
29844177
29844138
29844114
29844071
29843202
29842947
29842931
29842725
29842618
29842604
29842587
29842576
29842545
29842510
29842479
29842471
29842457
29842359
29842258
29842242
29842236
29842155
29842086
29842031
29841875
29841749
29841746
29841730
29841595
29841588
29841584
29841573
29841550
29841534
29841524
29841512
29841507
29841497
29841485
29841476
29841443
29841431
29841424
29841413
29841401
29841384
29841370
29841363
29841352
29841337
29841239
29841120
29841019
29841016
29840842
29840734
29840680
29840063
29839561
29839482
29838059
29837995
29837640
29837451
29837037
29836839
29836257
29835944
29835798
29835572
29835423
29835164
29834785
29834763
29834100
29833950
29833373
29833136
29832285
29832019
29831941
29830084
29829977
29829752
29829699
29829621
29829529
29829455
29829365
29829309
29829230
29829128
29829045
29828912
29828738
