31470543
31470493
31470460
31463275
31463155
31454796
31454627
31454366
31453142
31452823
31452570
31452352
31438977
31438237
31430236
31430133
31430065
31418660
31417521
31416698
31416650
31416613
31412762
31412723
31393042
31390796
31390596
31390394
31390104
31388915
31388634
31386304
31385934
31385849
31382868
31382840
31382598
31382570
31382514
31382487
31382424
31382230
31382205
31382165
31382141
31382114
31382091
31382075
31382047
31382021
31381995
31381633
31381606
31381590
31381529
31381446
31381076
31381051
31381031
31381009
31380984
31380954
31380940
31380599
31380218
31380201
31380191
31380175
31380162
31380138
31380072
31380051
31379858
31379838
31379786
31379763
31379740
31379720
31379651
31379599
31379573
31379541
31379510
31379490
31379467
31379447
31379416
31379394
31379365
31379182
31379164
31379100
31378611
31378596
31378567
31378540
31378514
31378493
31378480
31378462
31378448
31378426
31378408
31378388
31378375
31378358
31378335
31378325
31378310
31378292
31378277
31378260
31378246
31378229
31378189
31378164
31378140
31378110
31378067
31378041
31378007
31377992
31377960
31377927
31377913
31377902
31377878
31377856
31377832
31377819
31377798
31377778
31377762
31377740
31377588
31377563
31376675
31376649
31376611
31376452
31376436
31376409
31376410
31376397
31376210
31376027
31375656
31375321
31375295
31375282
31375265
31375220
31375185
31375150
31375128
31375032
31374928
31374878
31374832
31374804
31374666
31374609
31374008
31373672
31373618
31369207
31369168
31369142
31369083
31367123
31367114
31367074
31366804
31366775
31366620
31366511
31366493
31366461
31366401
31366386
31366370
31366335
31366321
31366316
31366280
31366261
31366225
31366180
31366151
31366134
31366108
31366068
31366030
31365992
31365964
31365942
31365902
31365862
31365657
31365626
31365605
31365468
31365407
31365206
31363961
31363939
31363893
31358310
31357680
31357675
31357671
31357666
31357662
31357659
31357656
31357649
31357647
31357643
31357641
31357640
31357584
31357579
31357544
31357537
31357534
31357526
31357522
31357420
31357411
31357360
31357190
31357150
31351792
31347959
31347865
31347485
31347465
31347443
31347357
31347338
31347317
31347110
31346838
31346641
31346269
31346068
31346046
31346030
31346003
31345977
31345957
31345851
31345823
31345803
31345788
31345548
31340327
31324749
31324636
31324319
31323864
31323715
31323489
31323355
31323278
31323107
31322804
31322555
31322537
31322356
31322253
31322197
31322107
31320504
31320354
31320232
31320098
31319829
31319777
31319609
31319536
31319476
31319265
31319134
31319029
31318859
31318818
31315854
31314954
31314567
31314250
31313632
31311117
31293015
31292854
31291970
31291911
31291115
31290888
31290797
31290638
31276091
31262092
31259170
31259044
31258813
31258617
31258581
31258469
31258336
31258311
31258219
31257573
31257440
31257373
31257350
31257329
31257293
31256863
31256748
31256732
31256721
31256710
31256698
31256684
31256662
31256651
31256645
31256362
31256344
31256297
31256265
31256232
31256210
31256188
31253120
31252512
31252501
31252481
31252452
31252438
31252425
31252410
31252390
31252364
31252343
31228775
31219559
31217548
31217533
31208978
31186861
31186814
31186779
31186735
31186683
31186628
31186587
31186543
31183950
31183845
31183772
31183675
31183552
31182920
31180926
31177690
31174378
31161558
31156843
31152601
31152561
31151402
31145604
31136817
31132897
31129114
31129075
31128883
31128609
31128428
31126635
31126564
31126501
31126284
31126115
31126062
31125878
31125694
31124972
31123320
31117744
31111065
31110876
31108609
31105893
31104914
31104793
31104602
31092737
31092192
31081043
31061666
31061533
31043432
31041546
31041505
31041479
31041413
31041301
31040903
31039462
31039347
31038785
31038563
31038375
31038288
31038163
31038048
31037816
31037638
31037603
31037579
31036839
31036741
31036452
31036362
31036282
31036231
31035818
31035789
31035679
31034286
31034234
31034209
31034117
31034022
31033939
31033929
31033894
31033871
31033841
31033826
31033809
31033763
31033759
31033699
31033678
31033493
31033421
31033263
31033146
31028690
31028497
31026978
31020853
31017036
31016801
31014812
31012598
31009362
31008594
31005858
31003871
30999922
30999591
30993617
30992592
30992481
30992350
30984746
30983853
30979831
30979789
30979748
30979597
30976921
30964580
30963724
30963357
30963272
30963257
30963093
30962949
30962677
30962591
30962566
30962466
30962254
30962141
30961681
30961589
30960538
30960122
30960063
30959965
30958924
30958443
30958411
30958376
30958343
30958304
30958278
30958247
30958211
30958163
30958132
30958085
30957686
30957652
30955680
30954855
30949487
30945498
30944791
30944066
30944017
30941625
30941484
30941455
30941423
30941384
30940493
30940304
30938872
30938826
30938802
30938747
30938715
30938694
30938676
30938656
30938647
30938621
30938593
30938563
30938552
30938521
30938455
30938373
30938339
30938323
30938275
30938247
30938198
30936855
30931375
30927085
30926574
30925544
30925525
30925254
30925140
30925117
30923686
30919143
30918614
30918360
30918187
30918072
30917899
30917666
30912993
30911801
30911606
30911454
30909108
30908620
30908501
30908297
30907462
30905943
30905826
30905582
30905148
30904875
30904628
30904398
30904137
30903934
30903631
30903529
30903391
30903328
30903162
30901868
30901700
30901574
30900125
30899157
30898755
30898633
30898515
30898171
30896627
30892394
30890726
30890490
30890275
30890200
30890136
30890003
30889415
30889190
30889127
30889049
30888971
30888855
30888755
30888690
30888623
30888528
30888424
30888304
30888240
30888103
30887965
30887775
30887596
30887386
30887183
30887029
30885820
30883051
30873369
30872393
30871835
30870998
30870866
30870834
30870530
30869918
30869777
30869717
30869444
30869369
30869229
30866462
30862896
30862847
30862792
30862647
30856593
30856530
30856479
30856418
30856338
30855462
30855226
30852170
30852069
30851079
30850021
30849882
30849699
30849527
30849451
30849370
30849204
30849153
30849085
30849029
30848937
30848857
30848773
30848679
30848633
30848558
30848187
30848172
30845835
30844834
30844565
30844460
30844339
30843186
30834440
30830617
30828013
30826713
30826483
30823482
30823289
30823066
30822484
30821077
30820817
30817588
30817443
30816621
30816529
30816241
30816146
30815836
30815785
30815554
30815175
30814815
30811452
30811076
30810911
30810548
30806947
30806924
30806894
30806876
30806857
30806834
30806835
30806817
30806752
30806307
30804369
30804276
30803983
30803868
30803786
30803700
30803598
30802330
30798842
30798640
30798591
30798576
30798534
30798520
30796906
30795562
30795511
30795291
30795110
30793791
30793766
30793753
30793456
30792624
30792574
30792546
30790243
30784492
30784295
30784254
30784091
30784070
30782683
30779299
30775940
30775856
30775719
30775569
30775476
30775309
30775140
30774956
30774835
30773716
30773541
30773150
30770764
30770540
30768407
30768216
30768140
30768094
30768021
30767797
30767673
30767611
30765204
30764897
30764076
30754993
30747455
30743224
30743059
30742561
30742290
30742267
30742239
30742163
30742128
30741803
30741521
30740499
30740324
30740311
30736747
30736587
30734165
30734110
30733287
30732958
30732871
30730932
30730659
30729482
30728951
30728638
30727231
30726399
30725973
30725613
30721950
30721747
30721666
30721612
30721374
30721207
30721190
30720997
30720968
30720921
30720873
30720869
30720858
30720800
30720685
30720680
30720384
30720191
30720074
30720039
30719935
30719878
30719701
30719575
30718038
30718004
30717727
30717420
30717380
30717342
30717094
30717011
30716693
30716618
30716150
30715773
30715357
30715197
30714971
30714903
30714280
30714282
30714242
30714174
30714060
30713658
30711329
30711039
30710911
30710659
30708864
30708056
30707945
30707171
30706986
30706944
30706560
30706529
30706318
30705432
30705304
30705204
30705086
30705017
30704948
30704943
30704426
30704313
30704250
30704117
30704031
30703976
30703920
30703799
30703717
30703396
30703146
30702905
30701248
30700927
30700742
30700243
30700210
30700146
30699984
30699902
30698719
30698267
30697660
30696471
30694779
30693783
30693121
30692978
30692793
30689292
30688308
30686978
30686619
30686253
30686213
30685979
30685903
30685676
30685469
30684848
30684600
30684305
30683843
30683711
30683666
30683610
30683575
30683490
30683192
30683040
30682834
30682708
30682681
30682600
30677902
30674022
30674019
30673985
30667649
30666951
30666602
30666596
30666518
30666480
30666473
30666439
30666366
30666356
30666331
30666322
30666303
30666292
30666285
30666275
30666257
30666143
30665819
30665814
30665811
30665807
30665803
30665795
30665737
30665730
30665725
30665720
30665717
30665713
30665711
30665708
30665707
30665705
30665703
30665700
30665585
30665582
30665579
30665577
30665571
30665569
30665565
30665561
30665085
30665070
30665067
30665064
30665061
30665059
30665055
30665052
30665051
30665047
30665045
30665043
30665042
30665036
30665031
30665029
30665028
30665024
30665023
30665021
30665019
30665014
30665011
30665009
30665006
30665002
30664999
30664996
30664994
30664990
30664987
30664982
30664974
30664973
30664969
30664323
30664312
30664308
30664307
30664302
30664298
30663394
30663368
30663338
30663321
30663309
30663291
30663271
30663261
30660124
30651976
30650820
30649649
30649425
30649353
30649324
30649275
30649123
30648686
30647580
30647563
30647442
30647354
30647218
30646978
30643279
30643157
30643128
30643102
30643039
30643012
30642932
30642908
30642892
30642802
30642788
30642783
30642631
30642611
30642590
30642576
30642550
30642492
30642238
30639832
30639812
30639781
30639755
30639743
30639728
30639714
30639704
30639693
30639677
30639668
30639652
30639631
30639617
30639607
30639599
30639588
30639575
30639563
30639553
30639540
30639528
30639508
30639500
30639469
30639462
30639449
30639436
30639423
30639405
30639379
30639373
30639297
30639243
30639217
30639174
30639160
30639146
30639124
30639101
30639085
30639053
30638848
30638821
30638808
30638631
30638623
30638587
30638548
30638525
30638481
30638458
30638438
30638419
30638407
30638393
30638354
30638328
30638316
30638300
30638284
30638265
30638173
30638136
30638108
30638083
30638064
30637547
30637522
30636214
30636081
30635759
30635464
30634733
30633661
30633210
30633081
30630005
30629936
30624298
30624286
30623950
30623937
30623900
30623884
30623875
30623860
30623847
30623782
30623322
30622928
30622876
30622389
30622324
30622173
30622167
30621959
30621948
30621945
30621931
30621916
30621902
30621891
30621887
30621868
30621779
30621560
30621451
30621349
30621109
30620792
30620639
30619366
30619355
30619319
30619301
30619290
30619280
30619271
30619252
30619242
30619226
30618921
30618815
30618789
30618773
30618750
30618744
30618731
30618642
30618641
30618595
30618555
30618459
30618130
30618084
30616532
30616490
30615519
30615504
30615482
30615436
30615415
30615203
30615191
30615175
30615131
30615108
30614889
30614859
30614846
30614820
30614801
30614787
30614757
30614742
30614538
30614527
30614512
30614497
30614290
30614268
30614252
30614211
30614195
30614150
30614107
30614088
30614076
30614067
30613900
30613883
30613871
30613850
30613841
30613826
30613815
30613804
30613693
30613600
30613560
30613547
30613544
30613536
30613525
30613508
30613499
30613490
30613484
30613465
30613297
30613281
30613179
30613166
30613157
30613035
30613013
30613001
30612985
30612962
30612952
30612934
30612924
30612768
30612751
30612739
30612727
30612714
30612611
30612597
30612590
30612574
30612563
30612553
30612540
30612424
30612411
30612210
30612143
30612113
30612097
30612084
30612072
30612064
30612048
30612031
30612020
30612000
30611934
30611925
30611721
30611708
30611695
30611683
30611671
30611654
30611616
30611471
30611458
30611441
30611424
30611353
30611346
30611332
30611322
30611311
30611144
30611131
30611103
30611089
30611064
30611059
30611049
30611035
30611000
30610970
30610891
30610897
30610715
30610698
30610683
30610677
30610672
30610652
30610645
30610631
30610590
30610073
30610058
30610028
30610004
30609970
30609795
30609785
30609769
30609491
30609473
30609460
30609442
30609407
30609256
30609237
30609221
30609019
30608998
30608854
30608843
30608831
30608663
30608649
30608273
30608254
30608224
30608169
30607960
30607933
30607905
30607663
30607649
30607634
30607617
30607501
30607485
30607470
30607330
30607314
30607304
30607107
30607098
30606947
30606869
30606622
30606607
30606587
30606117
30605939
30605808
30604789
30604770
30604744
30604624
30604606
30604591
30604415
30604389
30604033
30604011
30603750
30603650
30603636
30603618
30603619
30603590
30603545
30603511
30603304
30603133
30603121
30603108
30603090
30603076
30603048
30602958
30602794
30602776
30602723
30602687
30602641
30602632
30602608
30602599
30602558
30602555
30602495
30602428
30602342
30602332
30602264
30602205
30602123
30602118
30602028
30601949
30601936
30601761
30601648
30601627
30601601
30601582
30601504
30601328
30601309
30601286
30601262
30601068
30600972
30600953
30600942
30600867
30600601
30600424
30600230
30600207
30600191
30600187
30600168
30600155
30599916
30599841
30599533
30599512
30599365
30599333
30598814
30598752
30598694
30598686
30598676
30598666
30598642
30598611
30598564
30598550
30598549
30598503
30598431
30598400
30598380
30598374
30598347
30598259
30598234
30598211
30598138
30597981
30597874
30597815
30597576
30597548
30597237
30597112
30596858
30596757
30596700
30596676
30596569
30596529
30596417
30596351
30596135
30596122
30596064
30596060
30595922
30595815
30595475
30595351
30594962
30594303
30593447
30593102
30592601
30592498
30592317
30591527
