9983882
9978773
9978520
9978423
9978398
9978359
9978313
9974136
9959384
9959105
9956853
9956502
9956467
9956419
9944317
9939921
9934237
9934096
9931143
9928947
9928583
9928538
9928524
9928504
9928445
9927701
9915964
9915631
9913667
9910919
9910503
9910136
9909843
9909836
9909790
9909786
9909761
9909733
9909621
9909607
9907380
9907247
9907205
9907146
9907058
9907049
9907004
9906950
9906859
9906822
9904049
9903121
9899433
9899404
9899282
9897581
9897152
9897113
9896972
9896699
9896333
9894028
9892222
9892005
9891971
9891890
9891826
9891469
9890781
9890687
9890532
9890423
9890420
9888430
9884148
9884002
9883148
9881782
9877676
9877006
9873067
9873060
9871512
9871497
9871494
9871490
9871484
9871479
9871465
9871448
9871441
9871432
9871089
9870353
9868500
9868147
9866734
9866652
9866594
9866523
9866297
9864795
9859700
9859529
9859348
9859320
9859293
9859264
9858247
9856078
9855888
9855862
9855858
9855853
9855628
9855607
9855596
9854555
9853770
9853761
9853428
9852112
9851879
9851399
9851341
9847758
9846568
9846439
9846428
9846341
9846331
9846323
9846283
9846276
9844569
9844349
9834317
9831002
9829854
9829708
9827146
9824711
9823712
9822811
9822044
9820099
9820006
9819990
9819923
9819895
9819762
9819512
9818875
9818649
9818576
9818353
9817852
9817802
9817774
9817619
9817361
9815372
9815220
9813577
9813446
9813149
9813121
9813090
9812975
9812901
9812466
9810234
9809152
9809117
9809052
9809044
9809034
9809022
9809019
9809012
9809003
9807032
9806987
9802675
9802495
9800830
9800795
9800770
9800726
9800711
9800640
9800501
9800494
9800390
9799988
9799763
9799645
9799595
9799579
9799556
9799519
9799493
9798260
9798249
9798155
9798063
9795516
9795460
9795321
9795169
9795017
9794547
9793826
9792505
9792310
9791997
9791732
9789490
9787329
9787298
9787232
9787190
9787164
9784954
9781980
9781805
9781763
9781741
9781738
9781574
9780867
9779942
9779592
9778585
9778312
9778289
9778135
9777753
9777220
9775419
9775384
9775253
9774727
9774690
9774478
9774448
9774375
9774042
9773971
9773411
9772961
9772387
9772381
9772374
9772282
9772059
9771120
9771015
9770963
9770922
9770881
9770802
9770666
9770571
9770476
9770017
9769393
9769326
9768074
9767964
9766966
9766863
9766691
9766538
9766072
9766058
9765730
9765277
9764932
9764689
9764654
9764069
9763738
9763606
9762684
9762436
9762389
9762270
9762203
9762134
9762005
9761968
9761830
9760332
9759838
9759799
9759640
9759585
9759504
9759458
9759347
9759314
9758698
9758081
9758060
9757896
9757858
9757789
9757775
9757746
9757736
9757733
9757725
9757723
9757720
9757715
9757683
9757672
9757627
9757576
9757543
9757518
9757485
9757477
9757345
9757310
9757274
9757086
9757065
9757035
9756974
9756880
9756824
9756714
9756697
9756654
9756635
9756615
9756543
9756542
9756497
9756475
9756445
9756353
9756299
9756264
9756228
9756225
9756211
9756148
9756068
9756026
9756000
9755999
9755965
9755950
9755753
9755678
9755327
9755223
9755152
9754808
9754788
9754748
9753491
9753432
9753145
9753074
9752853
9752802
9752376
9752361
9752160
9752157
9752147
9752128
9752114
9751858
9751801
9751148
9751131
9751119
9751110
9750848
9750448
9750238
9750234
9750174
9750141
9750101
9750023
9749972
9749290
9748631
9748611
9748436
9748349
9748252
9748240
9748223
9748172
9748068
9748032
9747991
9747577
9746079
9745960
9745750
9745657
9745484
9745181
9745167
9744997
9744913
9744882
9744808
9744760
9744714
9744679
9744613
9744092
9743877
9743866
9743736
9743678
9743645
9743535
9743374
9743279
9743254
9742137
9741592
9741413
9741311
9740989
9740681
9740647
9740415
9739136
9739104
9739088
9738831
9738593
9738415
9738272
9738122
9738102
9738073
9738029
9738022
9737988
9737907
9737815
9737772
9737754
9737649
9737602
9737580
9737493
9737485
9737437
9737404
9737242
9737233
9737174
9737168
9737117
9737097
9737091
9737089
9737051
9737020
9736944
9736913
9736838
9736731
9736722
9736712
9736681
9736619
9736608
9736447
9736401
9736372
9736286
9736272
9736255
9736212
9736199
9736175
9736162
9736124
9736102
9736083
9736057
9736054
9735887
9735720
9735704
9735668
9735579
9735443
9735265
9735147
9735110
9734982
9734961
9734422
9734302
9734192
9734186
9734164
9734152
9734087
9734031
9733991
9733967
9733961
9733930
9733907
9733891
9733880
9733834
9733655
