34388631
34388581
34388539
34388508
34388226
34388196
34388007
34387983
34387962
34387918
34387069
34387008
34386513
34386483
34385416
34384953
34384858
34384787
34384627
34384554
34384457
34379967
34375783
34375725
34375634
34370335
34370231
34370118
34370052
34357781
34357733
34356748
34356397
34338081
34312936
34312913
34312840
34312784
34312750
34312708
34312666
34312635
34312588
34305454
34303780
34303656
34303616
34303451
34303384
34303190
34303147
34302951
34302819
34302789
34302676
34302515
34302463
34302268
34302228
34302109
34301962
34301877
34301792
34301732
34301495
34301351
34300870
34297716
34297686
34297658
34297552
34297385
34297324
34296839
34296803
34296727
34296704
34296460
34296283
34296216
34296102
34296045
34295987
34295911
34295854
34295800
34295756
34295700
34295159
34295072
34295028
34294662
34294617
34294588
34294464
34294418
34287981
34287650
34287262
34287186
34287065
34286873
34286854
34286818
34286576
34286443
34285027
34284949
34283043
34282536
34282027
34278865
34277152
34276998
34267923
34267870
34267830
34267789
34267728
34267686
34267602
34267558
34267450
34267331
34267215
34266981
34266488
34266447
34266379
34266318
34266272
34266127
34266014
34265919
34265856
34265774
34265664
34265582
34265517
34265462
34265415
34265311
34265235
34265179
34265134
34265077
34265048
34264986
34264949
34264905
34264872
34264822
34264786
34264744
34264677
34264613
34264553
34264502
34264457
34264396
34264340
34264238
34264163
34264102
34264055
34263979
34263941
34263899
34263829
34263770
34263743
34263577
34263531
34263453
34263407
34263294
34263255
34263203
34263173
34263152
34263111
34263023
34262968
34262887
34262849
34262808
34262776
34262717
34262660
34262586
34262534
34262388
34262237
34262190
34262039
34261908
34261845
34248176
34246696
34246600
34245838
34245560
34245383
34245264
34245183
34245033
34244870
34243927
34243826
34242577
34242340
34242108
34242005
34241909
34241450
34233384
34233327
34232763
34228824
34224752
34224309
34221719
34220016
34219996
34219982
34219940
34219924
34219914
34219885
34219806
34219799
34219778
34219758
34219722
34219695
34219617
34219607
34219577
34219556
34219541
34219535
34219500
34219487
34219460
34219418
34219410
34219304
34219292
34219271
34219256
34219228
34219222
34219205
34219143
34219090
34219071
34219038
34219033
34219017
34218980
34218968
34218944
34218901
34218889
34218794
34218785
34218728
34218714
34218692
34218500
34218473
34218464
34218455
34218363
34218314
34218304
34218281
34218258
34218249
34218198
34218093
34218003
34217997
34217970
34217937
34217903
34217870
34217697
34217686
34217660
34217604
34217583
34217550
34217514
34217439
34217340
34217326
34217312
34217284
34217172
34214004
34202530
34202467
34202354
34201980
34201738
34199040
34197338
34195888
34192303
34191509
34191137
34190687
34190535
34190234
34190100
34189425
34188575
34185446
34185338
34185020
34184410
34184073
34183140
34182903
34182289
34179846
34178612
34177888
34177583
34177488
34177296
34177254
34177194
34177128
34176265
34175438
34175338
34174830
34173187
34173088
34173026
34172966
34171055
34170896
34170484
34168754
34168468
34168449
34168385
34167677
34167512
34167285
34167146
34166909
34166014
34165138
34164549
34164288
34164109
34163024
34162791
34159991
34153838
34153833
34153829
34153824
34153822
34153818
34153811
34153772
34153769
34153765
34153758
34153756
34153753
34153752
34153747
34153745
34153741
34153736
34153718
34153715
34153712
34153708
34153705
34153700
34153698
34153696
34153694
34153692
34153688
34153686
34153682
34153681
34153677
34153590
34153585
34153583
34153576
34153575
34153572
34153567
34153564
34153560
34153557
34153553
34153386
34134773
34134754
34134737
34134708
34134690
34134662
34134647
34134599
34134498
34133027
34130898
34130853
34130834
34130819
34130794
34130733
34130698
34130668
34130645
34130622
34130575
34130539
34130509
34130478
34130445
34130447
34130413
34130376
34130348
34130285
34130253
34130214
34130179
34130035
34129963
34129910
34129876
34129846
34129807
34129764
34129717
34129681
34128418
34128405
34128388
34128378
34128330
34128320
34128296
34128290
34128186
34128175
34128063
34128044
34128038
34127997
34127993
34127968
34127812
34127776
34127749
34127710
34127670
34127573
34127317
34127298
34127283
34127269
34127243
34127132
34127101
34127094
34127087
34126871
34126825
34126642
34126629
34126617
34126608
34126579
34126565
34126554
34126373
34126312
34126298
34126292
34126286
34126271
34126259
34126253
34126202
34126186
34126184
34126152
34126117
34126044
34126026
34126014
34126002
34125984
34125961
34125940
34125875
34125873
34125855
34125823
34125791
34125705
34125685
34125645
34125639
34125603
34125558
34125507
34125435
34125436
34125426
34125385
34125365
34125331
34125286
34125234
34125159
34124454
34124370
34123849
34123781
34123750
34123710
34123642
34122565
34122186
34121990
34121238
34121091
34119622
34119588
34119560
34119541
34119518
34119495
34119479
34119438
34119404
34119389
34119336
34119281
34119235
34118843
34118628
34118609
34118585
34118210
34118036
34117907
34117883
34117852
34117808
34117780
34117763
34117750
34117732
34117720
34117703
34117679
34117645
34117619
34117605
34116454
34116450
34116404
34116353
34116226
34116131
34116068
34115982
34115863
34115821
34115785
34115490
34115287
34115245
34115226
34115177
34115055
34114308
34114264
34114107
34114004
34113623
34112726
34112596
34112346
34112202
34111842
34111637
34111393
34111228
34110820
34110445
34110065
34109782
34109438
34108869
34108704
34108608
34108529
34108298
34108027
34107921
34107662
34107362
34107198
34107084
34106940
34106705
34106487
34105233
34102412
34101272
34100634
34094890
34094400
34093237
34092938
34092397
34090949
34090359
34089755
34089558
34089325
34089194
34088967
34088795
34088748
34088494
34088402
34088265
34088226
34088199
34088139
34088113
34088096
34088075
34088054
34088030
34088001
34087986
34087966
34087946
34087932
34087894
34087877
34087832
34087492
34087236
34087195
34087155
34082539
34081812
34080010
34079788
34077948
34075708
34068745
34063072
34062913
34060580
34054955
34052140
34051908
34051884
34051415
34050992
34050587
34050562
34050527
34050486
34050487
34050251
34050199
34050108
34050022
34050010
34049825
34049805
34049435
34049376
34049235
34049143
34049062
34049022
34049002
34045465
34045098
34040167
34040069
34040045
34040030
34039894
34039621
34039467
34039221
34039014
34038910
34037877
34031201
34029935
34029918
34028568
34026132
34025873
34022181
34016003
34015441
34015430
34015394
34015387
34015335
34015305
34015288
34015260
34015247
34015065
34015049
34014878
34014870
34011848
34011683
34011552
34011288
34011273
34011263
34011117
34011076
34011003
34010944
34010878
34010839
34010833
34010806
34010796
34010771
34010765
34010660
34010616
34010451
34010346
34010316
34010272
34010210
34010192
34010183
34010158
34010129
34010118
34010058
34010050
34010043
34010031
34010022
34009983
34009977
34009953
34009914
34009888
34009766
34009652
34009473
34009441
34009388
34009365
34009309
34009297
34009259
34009205
34009193
34009124
34009041
34008907
34008794
34008775
34008707
34008712
34008683
34008652
34008571
34008511
34008489
34008464
34008420
34008402
34008370
34008295
34008288
34008190
34008138
34008052
34008030
34008009
34007993
34007899
34007874
34007868
34007844
34007799
34007793
34007768
34007015
34006062
34005926
34005411
34004756
34004481
34004295
34004206
34004110
34003972
34003907
34003094
34002996
34002940
34002860
34002512
34002395
34002069
34002002
34001960
34001915
34001878
34001848
34001809
34001751
34001662
34001097
34000884
34000785
34000780
34000686
34000527
34000525
34000496
34000465
34000447
34000395
34000392
34000389
34000301
34000221
34000032
33999666
33999484
33999401
33996999
33995348
33992263
33991195
33990875
33990713
33990487
33990013
33988635
33988433
33984307
33984204
33984112
33984108
33983898
33983587
33983565
33983541
33983514
33983500
33983087
33983055
33982993
33982973
33982930
33982921
33982875
33982867
33982816
33982773
33982730
33982680
33982628
33982570
33982555
33982409
33982299
33982011
33981542
33981513
33978475
33978428
33978364
33977966
33977282
33976409
33972441
33970953
33966931
33966868
33966337
33963875
33963152
33962551
33957400
33955068
33955016
33955008
33954938
33954923
33954901
33954820
33954799
33954779
33954756
33954731
33954696
33954620
33954609
33954564
33954544
33954525
33954507
33954407
33954399
33954371
33954332
33954321
33954295
33954280
33954265
33954251
33954147
33954140
33954099
33954088
33954064
33953982
33953960
33953941
33953914
33953902
33953780
33953751
33953741
33953712
33953680
33953634
33953628
33953600
33953443
33953427
33953414
33953395
33953385
33953353
33953319
33953240
33953231
33953207
33953190
33953169
33953163
33953142
33953136
33953110
33952843
33952836
33952810
33952805
33952798
33952790
33951753
33951750
33951741
33951709
33951698
33951670
33951655
33950934
33950927
33950688
33950473
33950462
33950450
33950451
33950413
33950421
33950377
33950367
33950204
33950185
33950174
33950168
33950149
33950138
33950124
33950098
33950082
33950074
33950015
33950002
33949866
33949653
33949529
33949211
33948979
33948637
33948269
33947981
33947697
33943669
33943608
33943334
33942648
33942368
33942249
33939166
33938560
33938287
33934164
33934154
33934145
33934128
33933958
33933949
33933929
33933907
33933762
33933749
33933730
33933726
33933598
33933583
33933559
33933549
33933514
33933506
33933489
33933468
33928342
33928324
33928298
33928259
33927882
33927844
33927838
33927807
33927660
33927632
33927537
33927477
33927456
33927436
33927326
33927274
33927155
33927141
33927117
33927053
33927008
33926999
33926945
33926928
33926838
33926822
33926802
33926782
33926711
33926678
33926670
33926635
33926619
33926544
33926528
33926489
33925313
33925299
33925255
33925237
33923858
33923815
33923786
33923774
33923548
33923530
33923507
33923498
33923132
33923104
33923097
33923082
33923036
33923024
33923000
33922992
33922959
33922928
33922904
33922884
33922874
33922846
33910947
33910941
33910917
33910905
33910900
33910840
33910813
33910805
33910777
33910742
33910727
33910723
33910689
33910664
33910649
33910637
33910626
33910601
33910593
33909197
33909153
33909011
33908635
33908632
33908572
33908506
33908410
33908345
33908317
33908230
33908103
33907784
33907729
33907727
33906843
33905485
33905152
33904859
33904692
33904671
33904629
33904602
33904585
33904402
33904345
33904316
33904241
33904192
33904158
33904112
33903998
33902607
33902347
33902333
33902314
33900844
33900559
33900467
33900266
33898705
33898270
33896461
33896003
33895842
33895775
33895661
33895591
33895391
33895339
33895291
33895146
33894811
33894803
33894775
33894772
33894770
33894760
33894718
33894708
33894674
33894669
33894645
33894437
33894051
33887081
33885751
33884779
33884600
33883825
33883757
33883727
33883707
33883660
33883638
33883616
33883607
33883589
33883544
33883491
33883464
33883449
33883427
33883404
33883375
33883349
33883339
33883326
33883307
33883289
33883272
33883246
33883219
33883201
33883180
33883157
33883128
33883104
33883063
33883032
33883015
33882999
33882985
33882959
33882945
33882931
33882911
33882891
33882814
33882781
33882760
33882740
33882717
33882708
33882686
33882659
33882614
33882591
33882574
33882546
33882517
33882497
33882476
33882446
33882408
33882384
33882367
33882349
33882333
33882318
33882300
33882280
33882264
33882238
33882233
33882208
33882192
33882171
33882158
33882138
33882127
33882109
33882101
33882071
33882024
33881969
33881953
33881933
33881905
33881882
33881859
33881825
33881818
33881783
33881754
33881729
33881694
33881659
33881642
33881616
33881589
33881034
33880415
33879834
33878184
33878076
33877886
33877683
33877314
33876804
33875830
33875335
33875059
33874870
33874698
33873988
33873657
33869472
33869343
33869270
33869247
33869082
33866097
33865527
33865485
33865465
33865422
33865396
33865381
33865283
33865280
33865251
33865207
33865174
33865152
33865117
33864998
33864986
33864983
33864949
33864853
33864832
33864803
33864780
33864764
33864747
33864720
33864646
33864632
33864571
33864552
33864517
33864496
33864254
33864216
33864130
33864084
33864009
33863948
33863898
33863789
33863720
33863594
33863557
33863543
33863515
33863422
33863391
33863313
33863271
33863268
33863198
33863191
33862539
33862524
33862509
33862475
33862433
33862359
33861755
33861719
33861685
33861668
33861421
33861332
33861316
33861300
33861262
33860935
33860348
33860139
33860140
33857297
33856879
33856860
33856833
33856821
33856409
33856096
33856033
33855972
33855744
33855728
33855717
33855688
33855225
33854801
33854572
33854433
33854303
33854027
33853855
33853615
33853509
33853414
33853377
33853289
33853166
33853021
33852391
33852306
33852203
33852087
33851762
33851382
33851274
33850982
33850933
33850811
33850796
33850747
33850714
33850491
33849782
33849725
33849671
33849643
33849598
33849557
33849559
33849487
33849484
33849435
33849329
33848884
33848844
33847896
33847670
33847604
33847160
33847076
33843528
33843253
33843111
33843019
33842785
33842535
33839161
33839124
33839100
33839103
33839073
33838998
33838796
33838361
33838307
33838211
33838173
33838100
33837975
33837951
33837929
33837914
33837896
33837873
33837713
33837458
33837420
33837115
33837053
33836971
33836784
33836762
33836719
33836657
33836601
33836584
33836567
33836558
33836514
33836486
33836200
33836126
33835553
33835358
33835337
33835299
33835276
33835181
33834972
33834841
33834398
33834106
33834076
33834011
33833907
33833898
33833881
33833812
33833762
33833725
33833649
33833607
33833508
33833493
33833443
33833396
33833279
33833179
33833157
33833128
33833097
33833087
33833078
33832979
33832854
33832767
33832759
33832754
33832695
33832676
33832633
33832619
33832567
33832465
33832308
33832287
33832225
33832197
33832127
33832119
33832096
33832069
33831989
33831975
33831962
33831960
33831930
33831916
33831896
33831882
33831834
33831804
33831776
33831725
33831699
33831686
33831645
33831636
33831600
33831563
33831550
33831516
33831473
33831432
33831413
33831376
33831362
33831343
33831291
33831284
33831251
33831249
33831170
33831146
33831093
33831079
33831035
33830993
33830964
33830936
33830910
33830877
33830861
33830828
33830777
33830715
33830647
33830640
33830612
33830589
33830564
33830508
33830457
33830440
33830404
33830390
33830346
33830344
33830293
33830253
33830202
33830162
33830086
33829759
33829749
33829704
33829692
33829584
33829571
33829544
33829506
33829500
33829478
33829432
33829391
33829362
33829297
33829222
33829225
33828375
33828145
33828128
33828077
33827877
33827674
33827512
33827429
33827393
33827357
33827272
33827172
33827147
33827119
33827104
33827040
33827005
33826938
33826875
33826805
33826653
33826608
33826592
33826387
33826349
33826297
33826264
33826273
33826175
33825981
33825974
33825782
33825765
33825632
33825537
33825461
33825175
33825137
33825104
33825066
33825011
33824826
33824764
33824704
33824610
33824519
33824429
33824315
33824256
33824075
33824071
33823949
33823872
33823826
33823706
33823544
33823333
33823224
33823046
33822910
33822873
33822804
33822795
33822735
33822488
33822465
33822449
33822407
33822268
33821642
33821628
33821606
33821597
33821314
33821310
33821290
33821279
33821237
33820184
33820152
33819938
33819863
33819836
33819804
33819780
33819745
33819683
33819664
33819649
33819617
33819569
33819568
33819539
33819511
33819481
33819447
33819378
33819333
33819117
33818786
33818781
33818658
33818506
33818231
33817922
33816687
33816683
33816638
33816629
33816612
33816590
33816469
33816358
33816287
33815718
33815210
33815118
33814921
33814897
33814730
33814361
33814255
33814128
33814063
33814055
33814031
33814003
33813947
33813924
33813891
33813828
33813738
33813711
33813703
33813674
33813622
33813592
33813580
33813139
33813047
33812837
33812547
33812498
33812291
33812214
33812160
33811459
33811346
33811104
33810702
33810628
33810505
33810469
33810424
33810392
33810357
33810245
33810136
33810020
33809897
33809854
33809819
33809786
33809755
33809654
33809511
33809474
33809364
33808964
33808588
33808471
33808394
33808298
33807591
33807466
33807393
33807082
33807038
33806947
33806847
33806802
33806651
33806597
33806544
33806401
33806336
33806225
33806145
33806095
33806000
33805978
33805967
33805865
33805793
33805770
33805712
33805682
33805610
33805578
33805529
33805473
33805362
33805321
33805281
33805208
33805126
33805107
33805101
33805093
33805071
33805025
33804889
33804786
33804653
33804556
33804451
33804332
33804249
33804205
33803900
33803740
33803653
33803396
33803343
33803332
33803240
33803208
33803156
33803117
33802649
33802298
33802258
33802247
33802233
33802219
33802104
33802072
33802067
33802035
33801995
33801987
33801968
33801937
33801838
33801797
33801787
33801754
33801732
33801627
33801583
33801586
33801562
33801545
33801307
33801207
33801199
33801186
33801161
33801131
33801122
33801076
33801066
33801009
33800966
33800925
33800917
33800856
33800831
33800822
33800807
33800793
33800789
33800784
33800661
33800639
33800610
33800593
33800589
33800565
33800557
33800536
33800470
33800448
33800437
33800406
33800404
33800326
33800321
33800307
33800295
33800283
33800234
33800227
33800202
33800176
33800098
33799974
33799955
33799931
33799873
33799865
33799860
33799836
33799747
33799689
33799527
33799493
33799486
33799473
33799387
33799388
33799341
33799321
33799283
33799247
33799233
33799225
33799173
33799089
33799079
33798949
33798928
33798920
33798890
33798828
33798823
33798786
33798770
33797939
33797581
33797491
33797295
33797190
33796908
33796836
33796797
33795592
33795491
33795120
33794623
33794593
33794419
33794186
33794089
33793975
33793888
33793841
33793387
33792546
33792205
33792149
33791462
33791443
33791335
33791322
33791301
33791283
33791280
33791265
33791231
33791223
33791180
33791168
33791162
33791039
33790897
33790501
33789843
33789746
33789035
33788971
33788899
33788682
33788660
33788493
33788290
33788181
33787988
33787977
33787891
33787887
33787868
33787843
33787808
33787797
33787790
33787770
33787637
33787613
33787603
33787562
33787555
33787545
33787531
33787453
33787439
33787398
33787392
33787385
33787372
33787358
33787345
33787316
33787314
33787306
33787300
33787295
33787260
33787254
33787251
33787214
33787198
33787182
33787170
33787149
33787143
33787137
33787090
33787086
33787066
33787060
33787056
33787030
33787019
33787002
33786994
33786975
33786957
33786949
33786939
33786928
33786904
33786867
33786840
33786823
33786805
33786797
33786774
33786725
33786697
33786687
33786648
33786611
33786553
33786501
33786466
33786441
33786321
33786278
33786266
33786137
33786119
33785957
33785896
33785862
33785822
33785732
33785673
33785637
33785604
33785427
33785351
33785094
33785045
33785025
33785014
33784994
33784985
33784961
33784952
33784940
33784915
33784903
33784888
33784877
33784864
33784823
33784816
33784813
33784787
33784660
33784552
33784529
33784506
33784482
33784462
33784447
33784429
33784385
33784342
33784306
33784299
33784114
33784013
33783897
33783884
33783831
33783770
33783750
33783733
33783734
33783680
33783662
33783652
33783618
33783565
33783489
33783462
33783442
33783390
33783356
33783332
33783321
33783303
33783287
33783283
33783266
33783251
33783217
33783166
33782784
33782674
33782544
33782505
33782499
33782337
33782239
33782103
33781951
33781926
33781908
33780283
33780131
33780069
33780062
33779958
33779847
33779801
33779690
33779671
33779618
33779520
33779339
33779256
33779040
33778798
33778600
33778390
33778297
33778187
33777608
