35344253
35344235
35344228
35344206
35344197
35344187
35344175
35344161
35344148
35344133
35344125
35344103
35344094
35344061
35344039
35343987
35343980
35343979
35343959
35343950
35343947
35343937
35343932
35343922
35343913
35343902
35343892
35343879
35343847
35343802
35343794
35343776
35343768
35343738
35343707
35343699
35343701
35343687
35343679
35343671
35343666
35343652
35343649
35343645
35343564
35343559
35343542
35343534
35343524
35343517
35343494
35343486
35343476
35343451
35331609
35331260
35331239
35331206
35331141
35331099
35331071
35331049
35331018
35330980
35330950
35330917
35330877
35330845
35328832
35328719
35324050
35312227
35311951
35311707
35311294
35306052
35305381
35305366
35305357
35305334
35305310
35305280
35305255
35305234
35304494
35304466
35304407
35304370
35304325
35304307
35304287
35304266
35304245
35304226
35304195
35304179
35304157
35304136
35304107
35304092
35304075
35304058
35304035
35303995
35303960
35303934
35303916
35303885
35303832
35303807
35303795
35303774
35303752
35303738
35303722
35303689
35303668
35303645
35303600
35303582
35303567
35303548
35303523
35303492
35303468
35303452
35303434
35303412
35303378
35303366
35303330
35303309
35303301
35303276
35303252
35303232
35303218
35303200
35303173
35303159
35303147
35303124
35303095
35303071
35303064
35303054
35303022
35303009
35302959
35302943
35302913
35302907
35302891
35302872
35302858
35302839
35302830
35302815
35302801
35302789
35302773
35302756
35302739
35302722
35302708
35302685
35302656
35302644
35302628
35302609
35302589
35302530
35302503
35302493
35302471
35302457
35302439
35302374
35302362
35302345
35302328
35302311
35302286
35302271
35302256
35302242
35302225
35302197
35302141
35302123
35302104
35302078
35302052
35302028
35301999
35301956
35301934
35301918
35301905
35301883
35301837
35301809
35301783
35301767
35301757
35301733
35301702
35301690
35301648
35301605
35301590
35301572
35301546
35301523
35301510
35301486
35301469
35301441
35301428
35301382
35301362
35301271
35301254
35301239
35301223
35301135
35301120
35301109
35301091
35301071
35301053
35301032
35301005
35300983
35300949
35300937
35300915
35300897
35300871
35300854
35300837
35300814
35300791
35300776
35300746
35300725
35300700
35300656
35300636
35300589
35300554
35300518
35300325
35300301
35299958
35299935
35299915
35299706
35299586
35299557
35299504
35299431
35299397
35299373
35299354
35299337
35299275
35299250
35299227
35299206
35299195
35299176
35299153
35298866
35298263
35298236
35298139
35297728
35297434
35297403
35297339
35297305
35290354
35286052
35285837
35285506
35285179
35284053
35282809
35277812
35277693
35277647
35277488
35277304
35276032
35275864
35273027
35272928
35272871
35271648
35271593
35271589
35271528
35271509
35271498
35271433
35271414
35271330
35269974
35269943
35269910
35269886
35269808
35269758
35269738
35269703
35269654
35269629
35269592
35269571
35269536
35269487
35269410
35269399
35269367
35269356
35269229
35260836
35260587
35260140
35256253
35256050
35255228
35254958
35254548
35254024
35253755
35253312
35243649
35237517
35234201
35228608
35227080
35226494
35218395
35215271
35214368
35214341
35214325
35214304
35214297
35214286
35214279
35214264
35214256
35214211
35214200
35214156
35214151
35214137
35214083
35214071
35214050
35214045
35214025
35214003
35213997
35213988
35213957
35213949
35213939
35213911
35213902
35213873
35213866
35213849
35213827
35213816
35213770
35213765
35213748
35213737
35213718
35213708
35213701
35213681
35213646
35213639
35213632
35213610
35213606
35213595
35213563
35213558
35213553
35213531
35213507
35213502
35213478
35213460
35213431
35213425
35213410
35213401
35213372
35213366
35213342
35213334
35213308
35213301
35213278
35213270
35213104
35212948
35212940
35212930
35212910
35212899
35212886
35212882
35212862
35212844
35212826
35212816
35212806
35212759
35212749
35212735
35212722
35212703
35212682
35212672
35212656
35212646
35212630
35212619
35212598
35212545
35212539
35212515
35212493
35212474
35212450
35210006
35209582
35209558
35209045
35208523
35208238
35208006
35193463
35190354
35189891
35189780
35189476
35189077
35188828
35188613
35188493
35188468
35188296
35188276
35188272
35188260
35188241
35188193
35188058
35188040
35187474
35187158
35187134
35187123
35187062
35187031
35186998
35186952
35186566
35186543
35186413
35186113
35185907
35185890
35185870
35185798
35185729
35185705
35185671
35185610
35185255
35185219
35185182
35185159
35185093
35184362
35184077
35184046
35183962
35183934
35183788
35183669
35183624
35183613
35183534
35182607
35182566
35182452
35182319
35182101
35182082
35182071
35182046
35182024
35182015
35181999
35181960
35181942
35181936
35181911
35181874
35181834
35181760
35181729
35181686
35181639
35181590
35181535
35181494
35181474
35181452
35181417
35181398
35181334
35181287
35181250
35181217
35181199
35181155
35181081
35181071
35181059
35180969
35180759
35180715
35180643
35180619
35180581
35180560
35180451
35180423
35178731
35178717
35178700
35178684
35178657
35178615
35178455
35178394
35178354
35178315
35178232
35178047
35178010
35177859
35177778
35177717
35177665
35177495
35177406
35177364
35177274
35177252
35177204
35177186
35177132
35177078
35177060
35177028
35177008
35176715
35176525
35176452
35176399
35176331
35176254
35176043
35176020
35175842
35175777
35175710
35174970
35174941
35174873
35174849
35174809
35174723
35174690
35174658
35174633
35174576
35174513
35174491
35174483
35174426
35174414
35174392
35174366
35174330
35174299
35174300
35174278
35174250
35174218
35174197
35174181
35174140
35174129
35174085
35174000
35173915
35173880
35173815
35173754
35173746
35173682
35173681
35173568
35173536
35173503
35173490
35173484
35173460
35173453
35173445
35173395
35173362
35173338
35173098
35172615
35172443
35172406
35172292
35172255
35172222
35172138
35172033
35171973
35171949
35171905
35171819
35171775
35171767
35171731
35171664
35171625
35171596
35171555
35171450
35171406
35171386
35171366
35171314
35171309
35171280
35171250
35171208
35171165
35171116
35171086
35171069
35171027
35171009
35170986
35170783
35170740
35170723
35170657
35170620
35170584
35170551
35170534
35170525
35170511
35170465
35170453
35170416
35170380
35170357
35170336
35170332
35170270
35170263
35170219
35170214
35170185
35170178
35170164
35170139
35170117
35170103
35170026
35170000
35169978
35169930
35169888
35169831
35169821
35169785
35169763
35169737
35169732
35169705
35169693
35169656
35169649
35169617
35169604
35169556
35169524
35169491
35169486
35169459
35169425
35169415
35169383
35169356
35169335
35169333
35169315
35169293
35169278
35169249
35169187
35169150
35169073
35169039
35169018
35168979
35168903
35168884
35168851
35168813
35168803
35168750
35168713
35168613
35168601
35168582
35168574
35168571
35168541
35168481
35168466
35168451
35168429
35168391
35168302
35168256
35168201
35168174
35168167
35168142
35168095
35168037
35168019
35167944
35167771
35166544
35165853
35165812
35164494
35162814
35162686
35162148
35161814
35152269
35139723
35139255
35139070
35138947
35138840
35138766
35138540
35138453
35138361
35138203
35137950
35137903
35127906
35121270
35121249
35121182
35121158
35121111
35121080
35121058
35121030
35121013
35120990
35120977
35120957
35120933
35120874
35120848
35120826
35120798
35120783
35120762
35120745
35120728
35120702
35120637
35120607
35120549
35120526
35120513
35120494
35120407
35120368
35120353
35120327
35120317
35120301
35120280
35120256
35120205
35120184
35120098
35120076
35120059
35120048
35120034
35120016
35119988
35119975
35119938
35119787
35119684
35119637
35119611
35119564
35119539
35119522
35119500
35119484
35119443
35119439
35119396
35119372
35119348
35119314
35119229
35119204
35119174
35119155
35119145
35119122
35119101
35119013
35118947
35118899
35118814
35118799
35118751
35118736
35118676
35118648
35118624
35118603
35118582
35118518
35118498
35118445
35118399
35118373
35118330
35118311
35118289
35117740
35117715
35117693
35117667
35117650
35117627
35117586
35117571
35117546
35117492
35117474
35117451
35117434
35117423
35117384
35117363
35117326
35117299
35117235
35117212
35114707
35111103
35111072
35104000
35103954
35103824
35103807
35103790
35103762
35103703
35103694
35103670
35103572
35103542
35103472
35103414
35103407
35103348
35103324
35103279
35103211
35103172
35103107
35103051
35102945
35102883
35102828
35102760
35102754
35102737
35102675
35102633
35102563
35102510
35102492
35102394
35102316
35102276
35102200
35102166
35102074
35100971
35098837
35098338
35098305
35098288
35098248
35098231
35098160
35098089
35097996
35097954
35097907
35097885
35097847
35097804
35097766
35097724
35097692
35097659
35097636
35097606
35097531
35097269
35097222
35097185
35097171
35097146
35097029
35097006
35096979
35096954
35096893
35096851
35096819
35096776
35096582
35096512
35096439
35095030
35094077
35093908
35093258
35092780
35092764
35092741
35092720
35092701
35092684
35092680
35092601
35092587
35092576
35092522
35090587
35090404
35089478
35075513
35075227
35074459
35074412
35073761
35071778
35071699
35071656
35071522
35071495
35070929
35070911
35070893
35070853
35070799
35070782
35070760
35070747
35070734
35070698
35070670
35070657
35070638
35070621
35070607
35070580
35070555
35070543
35070476
35070459
35070435
35070369
35070282
35070254
35070203
35070185
35070166
35070153
35070126
35070044
35070025
35070009
35069982
35069952
35069933
35069906
35069886
35069849
35069824
35069805
35069788
35069767
35069752
35069736
35069708
35069679
35069635
35069605
35069582
35069554
35069532
35069509
35069487
35069470
35069437
35069427
35069405
35069387
35069368
35069347
35069320
35069306
35069260
35069223
35069197
35069165
35069098
35068943
35068601
35068525
35068498
35068483
35068464
35068443
35068408
35068352
35068307
35068260
35068237
35068214
35068192
35068175
35068149
35068123
35068089
35068003
35067863
35067818
35067739
35067715
35067710
35067688
35067657
35067614
35067576
35067541
35067521
35067483
35067441
35067408
35067393
35067370
35067236
35067210
35067186
35067145
35067122
35066854
35066840
35066820
35066796
35066739
35066614
35066526
35066434
35066413
35066386
35066373
35066353
35066331
35066313
35066286
35066263
35066240
35066220
35066211
35065924
35065896
35065866
35065839
35065845
35065783
35065756
35065676
35065661
35065637
35065635
35065613
35065596
35065566
35065544
35065501
35065482
35065459
35065444
35065421
35065351
35065284
35065256
35065218
35065137
35065003
35065004
35064989
35064947
35064936
35064925
35064911
35064903
35064877
35064828
35064714
35064688
35064667
35064661
35064487
35064417
35064264
35064158
35064022
35063985
35063805
35063715
35063554
35062911
35061843
35061804
35061767
35061731
35061671
35061600
35061559
35061517
35061477
35061428
35059743
35059709
35059574
35059522
35059501
35059478
35059464
35059454
35059426
35059409
35059399
35059359
35059215
35059145
35059131
35059082
35059040
35058970
35058904
35058851
35058800
35058745
35058699
35058665
35058123
35058085
35058041
35058013
35057711
35057472
35057340
35057313
35057286
35057238
35054749
35054686
35054610
35054582
35054526
35050543
35050120
35050075
35050048
35050025
35049991
35049987
35049889
35049871
35049861
35049839
35049805
35049785
35049767
35049698
35049686
35049657
35049633
35049494
35049344
35049311
35049294
35049282
35048857
35048654
35048656
35042731
35042611
35042420
35042206
35042074
35041998
35040651
35037496
35037256
35032162
35032097
35032050
35031896
35031424
35030790
35030626
35028922
35027699
35027384
35027245
35027173
35027054
35026917
35026797
35026707
35026520
35026401
35026283
35026033
35026008
35025850
35025824
35025793
35025637
35025475
35025299
35025219
35025140
35024948
35024912
35024864
35024816
35024814
35024708
35024663
35024523
35024438
35024353
35024206
35024154
35024037
35023979
35023868
35023738
35023602
35023585
35023550
35023459
35023418
35023397
35023388
35023271
35023088
35023003
35022667
35022606
35022504
35022490
35022479
35022451
35022332
35022232
35022154
35022048
35021952
35021852
35021758
35021721
35021641
35021573
35021552
35021500
35021432
35021353
35020595
35020400
35020284
35020234
35020112
35019891
35019839
35019797
35019759
35019735
35019705
35019677
35019637
35019625
35019608
35019539
35019520
35019479
35019459
35019432
35019342
35019314
35019200
35019155
35019133
35019070
35019040
35018996
35018921
35018879
35018729
35018662
35018624
35018558
35018443
35018392
35018336
35018299
35018242
35018178
35018151
35018103
35018073
35017875
35017783
35017738
35017680
35017601
35017514
35017454
35017384
35017287
35017245
35017136
35017107
35017073
35017004
35016933
35016835
35016786
35016717
35016685
35016597
35016270
35014444
35011007
34995363
34994106
34992970
34991955
34991764
34991573
34991379
34989956
34989795
34989541
34989092
34988059
34987551
34987539
34987503
34987476
34987441
34987418
34987401
34987376
34987332
34987315
34987281
34987262
34987242
34987212
34987185
34987180
34987172
34987124
34987015
34986971
34986943
34986895
34986873
34986848
34986823
34986801
34986787
34986735
34984139
34983936
34983913
34983824
34983784
34983715
34983522
34983459
34983347
34983285
34983289
34983272
34983223
34983184
34983137
34983045
34983009
34982962
34982740
34982724
34982653
34982511
34982393
34982229
34982188
34982173
34982161
34982164
34982122
34982105
34982102
34982073
34982063
34982058
34982031
34982002
34981992
34981974
34981960
34981945
34981941
34981738
34981667
34980532
34980500
34980473
34980452
34980441
34980414
34980386
34980370
34980353
34980332
34980286
34980242
34980228
34980206
34980194
34980173
34980155
34980143
34980115
34980099
34980070
34980053
34980034
34980005
34979986
34979977
34979957
34979939
34979928
34979899
34979871
34979634
34979611
34979592
34979575
34979546
34979450
34979431
34979418
34979408
34979388
34979373
34979366
34979360
34979332
34979292
34979209
34978912
34978897
34978867
34978845
34978796
34978779
34978761
34978741
34978721
34978704
34978677
34973756
34972391
34970590
34970422
34970317
34970180
34970131
34970072
34969929
34969871
34969796
34968385
34967342
34966914
34966094
34965550
34961997
34961904
34961892
34961777
34961686
34961658
34961642
34961636
34961632
34961622
34961575
34961522
34961507
34961482
34961466
34961417
34961397
34961363
34961349
34961305
34961239
34961196
34961131
34961109
34961063
34961018
34960988
34960780
34960274
34958601
34955790
34950978
34950963
34950927
34950885
34950664
34950637
34950612
34950469
34950413
34950362
34950328
34950297
34950267
34950242
34950223
34950152
34950129
34950104
34950048
34950025
34950000
34949955
34949935
34949890
34949873
34949842
34949796
34949709
34949614
34949551
34949528
34949524
34949499
34949482
34949428
34949406
34949391
34949355
34949306
34949281
34949250
34949205
34949172
34949160
34949113
34949094
34949037
34949005
34948958
34948898
34948864
34948789
34948675
34948631
34948528
34948488
34948386
34939525
34939263
34934704
34934603
34934553
34934512
34934486
34934463
34934334
34934262
34934241
34934214
34934147
34934087
34934032
34933965
34933882
34933837
34933708
34933677
34933642
34933597
34933541
34933479
34933432
34933369
34933346
34933331
34933261
34933155
34933122
34933090
34933054
34933019
34932956
34932903
34932808
34932761
34932707
34932601
34932464
34932444
34932438
34932413
34932378
34932361
34932346
34932313
34932290
34932246
34932213
34932180
34932112
34932083
34932056
34932046
34932037
34932015
34931982
34931954
34931952
34931928
34931857
34931838
34931823
34931787
34931687
34931621
34931609
34931547
34931478
34931455
34931442
34931433
34931413
34931388
34931355
34931329
34931252
34931229
34931192
34931104
34931059
34930998
34930972
34930939
34930907
34930884
34930853
34930828
34930806
34930772
34930740
34930636
34930474
34930344
34930302
34930043
34929939
34929816
34929323
34928297
34927237
34927097
34925709
34925512
34924810
34923976
34922652
34921851
34921328
34921143
34919294
34918862
34909838
34907013
34906526
34905241
34905010
34904842
34904659
34896695
34896646
34896343
34882483
34877563
34877023
34876961
34876883
34876738
34876676
34876616
34876383
34874161
34874029
34873998
34873930
34873643
34873610
34873576
34873558
34873535
34873497
34873373
34858156
34857315
34857198
34856761
34856628
34856511
34856305
34856207
34855898
34855612
34853892
34853875
34853849
34853828
34853809
34853796
34853770
34853729
34853707
34853688
34853655
34853633
34853609
34853591
34853577
34853550
34853527
34853496
34853476
34853443
34853436
34853425
34853410
34853380
34853319
34853293
34853278
34853252
34853231
34853173
34853146
34853117
34853091
34853062
34853032
34852998
34852966
34852932
34852900
34852872
34852846
34852816
34852796
34852767
34852749
34852727
34852704
34852690
34852669
34852642
34852616
34852599
34852560
34852521
34852500
34850236
34849294
34848765
34848523
34847672
34847595
34847474
34847378
34846604
34846532
34846484
34846415
34846294
34846212
34845533
34844623
34844444
34844358
34844302
34840138
34839784
34839517
34839377
34838971
34837337
34837329
34837314
34837303
34837283
34837267
34837251
34837233
34837224
34837211
34837201
34837194
34837183
34837154
34837148
34837140
34837013
34836984
34836977
34836965
34836953
34836946
34836934
34836935
34836927
34836912
34836903
34836877
34836862
34836852
34836844
34836831
34836825
34836819
34836801
34836788
34836782
34836759
34836752
34836739
34836727
34836714
34836707
34836689
34836683
34836677
34836669
34836658
34836642
34836634
34836625
34836612
34836593
34836583
34836571
34836562
34836555
34836544
34836532
34836494
34836453
34836394
34833406
34833400
34833389
34832630
34832626
34832622
34831643
34831611
34831592
34831586
34831585
34831583
34831579
34831575
34831567
34831564
34831561
34831558
34831556
34831548
34831546
34831544
34831524
34831523
34831522
34831519
34831518
34831516
34831515
34831514
34831504
34831501
34831493
34831490
34830540
34828049
34828011
34827824
34827805
34827765
34827677
34825743
34825710
34825637
34825603
34825569
34825427
34825392
34825358
34822919
34822847
34822681
34822668
34822493
34822478
34822272
34822233
34822225
34822214
34822184
34822159
34822128
34822091
34822008
34821810
34821495
34821465
34821424
34821415
34821398
34821383
34821386
34821369
34821337
34821300
34821147
34821095
34821068
34821043
34821037
34821028
34821021
34820993
34820974
34820957
34820947
34820931
34820925
34820919
34820901
34820885
34820886
34820879
34820858
34820856
34820841
34820829
34820825
34820817
34820807
34820794
34820776
34820757
34820747
34820729
34820728
34820720
34820707
34820678
34820659
34820639
34820630
34820571
34820549
34820499
34820484
34820370
34820352
34820306
34820280
34820228
34820207
34820176
34820156
34820124
34820104
34820073
34820058
34820039
34819827
34819726
34819697
34819674
34819630
34819584
34819547
34819391
34819291
34819293
34819272
34819259
34819237
34819218
34819075
34819000
34818886
34818829
34818789
34818779
34818763
34818688
34818645
34818638
34818535
34818489
34818451
34818365
34818253
34818206
34818127
34817912
34817882
34817863
34817795
34817774
34817729
34817713
34817691
34817200
34817168
34817140
34817115
34817082
34817042
34816924
34816743
34816599
34816436
34816397
34815751
34815525
34815419
34814977
34814543
34814150
34813063
34812848
34812792
34812602
34812390
34812145
34812075
34812048
34811949
34811929
34811700
34811679
34811580
34811418
34810938
34810912
34810890
34810859
34810847
34810816
34810784
34810754
34810728
34810513
34810429
34810419
34810097
34809624
34809543
34809519
34809374
34809285
34809238
34808993
34808761
34808628
34808373
34808166
34807765
34807491
34807161
34806568
34806213
34806160
34806053
34805743
34805696
34805645
34805615
34805581
34805545
34805517
34805470
34805422
34805391
34805360
34805341
34805306
34805279
34805236
34805200
34805106
34804949
34804884
34804846
34804826
34804651
34804635
34804481
34804479
34804449
34804372
34804365
34804349
34804194
34804175
34804091
34803980
34803898
34803736
34803632
34803586
34803493
34803423
34803414
34803390
34803345
34803333
34803285
34803232
34803204
34803099
34802987
34802875
34802761
34802258
34801934
34801877
34801818
34801730
34801681
34801606
34801463
34801437
34801422
34801305
34800962
34800912
34800739
34800584
34800490
34800456
34800383
34800298
34800201
34800108
34799284
34798664
34798487
34798456
34798313
34798201
34798163
34797820
34797351
34797238
34796855
34794428
34794209
34794042
34793886
34793724
34793584
34793430
34793193
34793092
34793024
34792675
34786732
34786428
34785510
34784676
34784514
34784029
34782157
34781544
34781008
34779969
34779352
34779310
34779262
34779201
34778938
34778843
34778805
34778766
34778657
34778600
34778545
34778459
34778175
34778098
34778025
34777954
34777868
34777754
34777520
34777355
34776046
34776006
34775949
34775880
34775874
34775809
34775780
34775775
34775709
34775673
34775628
34775601
34775592
34775548
34775523
34775433
34775415
34775374
34775324
34775275
34775272
34775268
34775217
34775171
34775136
34775077
34774991
34774870
34774838
34774785
34774751
34774715
34774658
34774593
34774555
34774428
34774412
34774409
34774347
34774305
34774191
34774164
34774133
34774091
34774018
34773919
34773910
34773869
34773830
34773803
34773767
34773722
34773695
34773670
34773635
34773595
34773418
34773372
34773346
34773324
34773288
34773267
34773224
34773195
34773171
34773076
34772979
34772811
34772735
34772467
34772293
34771493
34771458
34771433
34771235
34771224
34771098
34771057
34770985
34770971
34770888
34770877
34770820
34770783
34770519
34770480
34770279
34770155
34770098
34769614
34768525
34767961
34767833
34767610
34767570
34767033
34766926
34766755
34766421
34766185
34766179
34766074
34765947
34765754
34765753
34765686
34765403
34764324
34764196
34764013
34763225
34763072
34762881
34762410
34762279
34760801
34758679
34757670
34757525
34755476
34753615
34753145
34752305
34752277
34752251
34752221
34752202
34752182
34752146
34752109
34752063
34752026
34751904
34751859
34751817
34751764
34751710
34751652
34751561
34751475
34751436
34751366
34751316
34751234
34750899
34750831
34749014
34747222
34745761
34745473
34745063
34740032
34739579
34739475
34739431
34739400
34739281
34739162
34739086
34739034
34738994
34738661
34738324
34738242
34737874
34737856
34737720
34737521
34737298
34737237
34736742
34736322
34735663
34735025
34734414
34734356
34734324
34732518
34731720
34730101
34729666
34729316
34729067
34729029
34728313
34728280
34727829
34727636
34727349
34727328
34727295
34727278
34727206
34727151
34727112
34726977
34726928
34726856
34726708
34726610
34726295
34726132
34725867
34725819
34725682
34725345
34725207
34725199
34725197
34725079
34724962
34724845
34724746
34724611
34724331
34724085
34723903
34723850
34723728
34723729
34723602
34723601
34723324
34723120
34723106
34723057
34723039
34722874
34722755
34722671
34722620
34722589
34722587
34722514
34722508
34722486
34722461
34722439
34722323
34722272
34722270
34722235
34722131
34722100
34722040
34721968
34721879
34721834
34721821
34721741
34721694
34721645
34721617
34721403
34721355
34721261
34721113
34721027
34720927
34720795
34720794
34720739
34720579
34720573
34720524
34720444
34720433
34720291
34720201
34720137
34720132
34719917
34719695
34719422
34718784
34718636
34718103
34717885
34717807
34717593
34717403
34716820
34716695
34716119
34716040
34715883
34715372
34715137
34715126
34715098
34715070
34715052
34715021
34714989
34714978
34714962
34714877
34714756
34714717
34714633
34714459
34714065
34714019
34713984
34713985
34713935
34713762
34713657
34713644
34713465
34713299
34713245
34713199
34713192
34713129
34713126
34713128
34713098
34713052
34713033
34712847
34712830
34712536
34712456
34712235
34712173
34712169
34712056
34711582
