36160820
36160731
36160647
36160617
36160546
36160497
36160424
36160371
36160302
36160263
36160224
36160192
36160149
36160093
36160039
36159994
36159226
36159162
36159105
36157786
36157725
36150177
36150041
36149522
36148991
36148887
36148446
36148376
36146706
36146653
36146552
36146463
36146394
36140167
36137637
36137165
36136518
36131123
36131014
36130871
36127122
36126904
36126735
36126420
36126091
36112156
36112042
36111744
36096384
36096013
36095698
36095616
36085117
36085048
36084770
36084673
36084321
36084262
36084140
36083950
36083637
36083625
36083156
36083071
36083026
36082978
36082899
36082662
36082551
36074140
36065675
36065464
36061068
36060984
36060968
36060920
36060815
36060787
36055004
36054489
36053996
36053490
36053049
36052156
36050888
36039111
36038701
36037450
36034847
36034654
36032787
36032230
36030535
36022900
36021290
36020884
36019180
36016397
36016053
36015795
36015748
36015694
36015346
36015069
36014961
36014785
36014571
36014254
36014116
36013994
36013930
36012043
36012007
36011953
36011491
36010731
36010526
36010491
36010365
36010345
36010320
36010084
36010065
36009834
36009530
36009515
36009497
36009480
36009371
36009355
36008875
36008863
36008844
36008726
36008703
36008664
36008626
36006866
36006831
36006799
36006771
36006746
36006570
36006472
36006386
36006359
36006278
36006224
36006119
36006016
36005988
36005857
36005789
36005707
36001972
36001874
36001751
36001674
36001637
36001564
36001491
36001452
36001386
35997646
35989514
35988743
35988595
35987116
35983397
35982593
35982100
35981621
35981589
35981416
35977436
35977417
35977402
35977309
35977300
35977293
35977090
35976960
35976950
35976939
35976861
35976851
35976847
35976813
35976667
35976655
35976585
35976577
35976568
35976556
35976544
35976534
35976525
35976477
35976356
35976351
35976341
35976329
35976320
35976310
35976302
35976298
35976283
35976277
35976157
35976103
35976079
35976018
35975933
35975873
35975857
35975842
35975447
35974830
35973075
35973024
35972920
35972615
35972331
35971664
35970950
35970257
35968145
35967819
35967365
35966921
35966727
35966489
35966208
35965980
35965744
35965467
35964996
35964982
35964898
35964693
35964444
35964261
35963989
35963804
35963545
35962982
35962648
35962026
35961907
35961599
35960922
35960030
35958104
35956716
35952564
35952472
35952347
35952228
35952121
35951913
35951856
35951742
35950072
35949580
35949243
35948990
35948644
35946451
35945635
35945619
35945575
35945174
35944275
35944244
35944029
35942506
35942485
35942460
35942408
35942336
35942318
35942267
35942194
35942145
35942081
35941979
35941902
35941868
35941701
35941670
35937697
35937695
35937694
35937684
35937681
35937676
35937669
35937668
35937662
35937658
35937556
35937553
35937548
35937532
35937528
35937524
35937522
35937490
35937480
35937475
35937470
35937426
35937418
35937416
35935817
35929603
35929582
35929383
35929107
35918360
35918324
35918261
35918109
35917982
35913583
35913090
35912629
35910053
35908659
35908268
35908142
35908037
35907744
35905146
35904991
35903482
35902759
35902457
35902352
35902244
35902165
35901678
35901051
35900989
35900799
35900720
35900599
35900555
35900404
35900220
35900176
35900027
35899919
35899704
35899565
35899538
35899217
35899152
35898898
35898896
35898832
35898736
35898734
35898705
35898613
35898422
35898325
35898181
35898102
35898033
35897711
35897610
35897539
35897413
35897349
35897184
35897108
35897053
35896991
35896915
35896900
35896899
35896736
35896661
35896589
35896469
35896449
35896430
35896389
35896351
35896342
35896322
35896212
35896078
35896062
35895963
35895934
35895865
35895841
35895742
35895719
35895697
35895601
35895577
35895531
35895438
35895437
35895296
35895269
35895220
35895171
35895165
35895061
35895036
35894879
35894864
35894841
35894511
35894453
35894234
35894190
35894134
35893974
35893928
35893842
35893783
35893725
35893671
35893616
35893392
35893341
35893306
35893289
35893250
35893187
35893171
35893136
35893082
35893002
35892944
35892868
35892826
35892719
35892645
35892638
35892589
35892507
35892275
35892049
35891950
35891915
35891833
35891643
35891527
35891355
35891238
35891085
35890989
35890922
35890834
35890792
35890711
35890650
35890585
35890495
35890298
35890151
35882850
35876682
35874204
35873762
35872413
35872141
35872113
35872081
35872064
35872042
35871909
35871886
35870575
35869250
35869110
35864728
35864668
35864588
35864411
35864089
35862506
35862437
35861822
35861530
35858555
35858438
35856226
35856173
35856074
35855861
35855237
35855048
35854675
35853616
35853053
35853037
35853002
35852988
35852915
35852629
35852613
35852544
35852542
35852439
35852364
35852262
35849750
35849591
35849029
35848985
35847820
35847794
35847378
35846774
35846533
35846396
35846185
35845992
35845778
35844831
35844181
35843202
35842978
35842019
35841963
35841481
35841339
35841317
35841223
35840912
35840854
35840363
35836240
35835798
35835147
35834910
35834871
35831307
35830222
35829957
35829944
35829756
35829496
35829455
35829385
35829356
35829333
35829281
35829195
35829126
35828922
35828746
35823288
35823259
35823242
35823234
35819094
35818500
35817608
35816183
35816022
35815991
35815915
35815883
35815787
35815688
35815495
35815402
35814825
35813955
35813838
35813685
35813296
35812227
35811713
35811694
35811695
35811591
35811578
35811568
35811554
35811539
35811514
35811443
35811434
35811423
35811287
35811207
35811172
35810886
35810820
35810786
35810704
35810663
35804815
35804154
35802535
35802500
35802332
35802303
35802265
35802155
35802052
35801591
35801572
35801566
35801208
35801173
35800688
35798483
35798126
35797045
35789646
35789319
35788028
35786264
35786153
35786052
35786015
35785967
35785854
35785805
35785556
35775689
35773659
35773550
35770158
35770079
35770042
35770037
35770016
35769997
35769933
35769889
35769831
35769820
35769808
35769786
35769772
35769659
35769586
35769573
35769545
35769524
35769515
35769487
35769468
35769446
35769418
35769406
35769385
35769358
35769348
35769344
35769303
35769296
35769282
35769165
35769154
35769143
35769131
35769119
35769095
35769077
35769068
35769057
35769041
35769032
35769012
35768993
35768988
35768971
35768954
35768941
35768923
35768915
35768886
35768873
35768864
35768837
35768824
35768790
35768753
35768742
35768717
35768697
35768680
35768666
35768643
35768606
35768599
35768584
35768563
35768548
35768505
35768497
35768488
35768468
35768438
35768411
35768377
35768345
35768340
35768326
35768318
35768296
35768268
35768236
35768208
35768163
35768139
35768047
35767869
35767458
35767368
35767285
35767236
35762241
35762172
35762136
35761472
35761210
35761106
35760985
35760916
35760415
35760156
35759951
35759717
35758634
35758486
35758351
35758234
35758198
35758142
35757985
35757918
35757836
35757763
35757609
35757536
35757421
35757303
35757162
35756869
35756605
35756464
35756405
35756170
35756047
35755739
35755598
35755102
35754842
35754417
35754260
35754069
35753729
35753673
35753424
35753168
35752844
35750523
35747439
35747054
35746614
35743591
35743453
35743091
35742909
35742824
35742815
35742741
35742723
35742596
35742550
35742546
35742480
35742288
35741987
35741973
35741924
35741834
35741580
35741522
35741476
35741115
35741030
35740989
35740899
35740830
35738493
35737803
35737498
35737433
35736961
35736880
35736863
35736823
35736791
35736743
35736678
35735717
35735678
35735640
35735610
35735567
35735477
35735448
35735416
35735377
35735294
35735211
35735187
35735174
35735133
35735070
35734781
35730015
35728370
35727639
35726056
35726040
35725983
35725973
35725962
35725941
35725920
35725904
35725874
35725841
35725155
35723532
35723461
35723446
35723423
35723399
35723360
35723330
35723316
35723274
35723241
35723207
35723187
35723178
35723156
35723128
35723077
35722938
35722540
35720845
35719533
35718373
35717646
35717144
35716883
35716694
35716577
35706976
35705546
35702179
35701072
35700683
35691960
35690759
35690547
35690466
35690213
35690191
35690141
35689961
35689894
35689444
35689311
35689108
35687946
35687882
35687838
35687789
35687739
35687639
35687594
35687265
35687170
35687120
35687086
35686997
35686766
35686725
35686709
35686624
35686559
35686378
35686341
35685929
35685887
35685830
35685787
35685713
35685641
35685614
35685583
35685553
35685531
35685492
35685453
35685391
35684972
35684949
35684914
35684879
35684857
35684830
35684712
35684685
35684669
35684646
35684625
35684622
35684616
35684597
35684579
35684549
35684511
35684507
35684460
35684434
35684381
35684272
35684167
35684026
35684025
35683970
35683927
35683886
35683815
35683728
35683619
35683600
35683209
35682398
35682188
35681526
35681459
35681399
35681367
35681331
35681296
35681254
35680951
35680928
35680896
35680857
35679237
35679187
35679165
35678974
35673058
35671879
35668607
35668585
35668424
35668361
35668272
35667942
35667739
35667442
35667446
35666636
35666236
35665943
35665854
35665752
35665594
35665552
35663178
35662686
35661196
35659861
35659244
35659223
35659153
35659112
35659074
35659039
35658969
35658948
35658923
35658889
35658864
35658829
35658779
35658740
35658703
35658688
35658635
35658586
35658546
35658545
35658508
35658474
35658444
35658416
35658383
35658365
35658347
35658288
35658261
35658227
35658133
35658074
35658017
35657986
35657917
35657883
35657862
35657792
35657767
35657731
35657672
35657644
35657610
35657585
35657542
35657521
35657483
35657468
35657442
35657386
35657370
35656024
35653718
35652680
35652541
35652422
35652243
35651513
35651215
35647976
35647875
35647845
35647812
35647447
35646880
35646737
35646559
35646488
35646414
35646366
35646342
35646302
35646271
35646236
35646195
35646117
35646053
35646029
35646030
35646014
35645957
35645941
35645898
35645848
35645806
35645771
35645752
35645687
35645682
35645574
35645495
35645445
35645348
35645290
35645263
35645136
35645059
35644940
35644897
35644600
35644343
35644340
35643673
35643538
35643248
35643210
35643103
35643020
35642973
35642888
35642841
35642749
35642666
35642636
35642612
35642559
35642498
35642448
35642277
35642092
35641765
35641692
35641582
35641496
35641481
35641450
35641430
35641413
35641384
35641347
35641313
35641277
35641211
35641123
35641078
35640939
35640263
35640027
35639486
35639402
35639285
35639233
35639219
35639048
35638992
35638819
35638329
35638151
35638102
35638088
35638002
35637852
35637773
35637613
35637151
35637118
35637081
35637057
35637036
35636702
35636147
35636033
35635990
35635954
35635807
35635074
35634843
35634558
35634467
35634300
35634115
35634042
35633914
35633816
35633755
35633684
35633593
35632875
35632781
35632645
35632643
35632627
35632605
35632606
35632488
35632448
35632422
35632410
35632393
35632389
35632358
35632339
35632334
35632108
35632053
35631973
35631947
35631911
35631906
35631786
35631767
35631763
35631708
35631582
35631526
35631516
35631427
35631329
35631282
35631190
35631185
35631164
35631124
35630632
35630369
35630309
35630145
35630032
35630017
35629118
35628670
35628513
35628381
35628180
35627976
35627939
35627924
35627696
35627466
35627378
35627312
35627249
35627162
35627085
35626921
35626848
35626765
35626697
35626690
35626624
35626606
35626443
35626422
35626410
35626369
35626267
35626136
35626057
35625970
35625841
35625803
35625734
35625698
35625355
35625336
35625119
35624990
35624969
35624933
35624832
35624741
35624743
35624542
35624474
35624466
35624377
35624332
35624311
35624233
35624144
35624099
35624068
35624033
35623767
35623614
35623488
35623475
35623204
35622978
35622753
35622277
35622043
35621493
35621361
35621239
35620765
35620461
35620427
35620277
35620232
35620070
35619878
35619554
35619444
35619390
35619239
35619229
35619197
35619151
35619126
35619103
35618979
35618603
35618223
35618021
35617446
35617409
35616904
35616775
35616702
35616600
35616560
35616443
35616219
35616087
35615751
35611730
35611248
35610292
35610046
35610008
35609949
35609904
35609861
35609807
35609778
35609607
35609324
35609237
35609076
35608968
35608945
35608853
35608838
35608656
35608362
35607840
35607758
35607694
35607589
35607494
35607417
35607388
35607213
35607125
35607047
35606993
35606832
35606710
35606158
35606068
35605924
35605876
35604376
35604337
35604019
35600513
35600338
35600256
35600137
35599980
35599892
35599815
35599739
35599726
35599599
35598835
35598686
35597588
35594788
35591489
35591220
35591181
35590663
35590529
35590386
35589857
35589812
35589765
35589743
35589707
35589674
35589646
35589618
35589601
35589568
35589535
35589492
35589472
35589453
35589423
35589400
35589371
35589234
35589218
35588160
35587505
35587289
35587248
35581575
35580260
35575771
35575754
35575569
35575402
35575375
35574979
35574965
35574394
35574307
35573661
35573641
35573631
35573318
35573305
35573300
35573050
35572758
35568110
35567971
35567884
35565203
35564431
35564231
35563972
35563694
35563451
35563370
35563179
35563037
35562921
35562906
35562856
35562778
35562609
35562475
35562321
35562251
35562151
35562120
35562095
35561864
35561844
35561618
35561324
35561162
35560946
35560734
35560718
35560652
35560366
35559995
35559930
35559851
35558491
35557905
35557405
35557308
35556996
35556643
35556408
35556346
35556336
35556073
35556043
35556012
35555962
35555872
35555832
35555775
35555758
35555697
35555626
35555563
35555304
35555193
35555102
35554833
35553857
35553822
35552757
35552494
35552468
35552340
35552277
35552197
35551945
35551824
35551726
35551690
35551511
35551360
35551238
35551227
35551197
35551112
35551048
35550986
35550962
35550788
35550725
35550667
35550635
35550507
35550442
35550411
35550314
35550265
35550200
35550165
35550001
35549583
35549490
35549131
35548546
35548095
35548073
35547763
35547476
35547455
35547366
35547336
35547218
35546679
35546634
35545792
35545365
35545282
35545218
35545143
35545063
35544088
35543844
35543793
35543585
35543519
35543486
35543413
35543332
35543253
35543202
35543043
35542922
35542832
35542709
35542439
35542388
35542360
35542353
35542246
35542130
35542111
35541960
35541881
35541455
35533828
35533267
35533185
35533070
35533045
35532951
35532801
35532730
35532695
35532605
35532523
35531296
35530944
35530050
35529974
35529924
35529900
35529873
35529833
35529676
35529563
35529529
35529499
35529481
35529451
35529289
35529267
35529206
35529191
35529164
35528894
35528845
35528533
35528451
35528390
35528302
35528259
35527898
35527846
35523587
35522170
35520514
35519879
35519750
35519640
35519618
35519403
35519177
35518948
35518754
35518489
35518351
35518137
35517803
35517477
35517221
35514485
35514410
35513709
35513499
35513365
35513247
35512896
35512691
35512548
35511942
35511909
35511706
35511699
35511119
35511087
35510775
35510645
35510626
35510424
35510302
35510271
35510031
35509886
35509529
35508905
35508298
35508043
35507785
35507319
35506996
35506721
35506512
35505876
35505749
35505224
35505198
35505052
35504968
35504839
35504709
35504392
35504337
35504307
35504267
35504259
35504211
35504024
35503717
35503651
35503557
35503018
35502677
35502411
35502389
35501861
35501769
35501591
35501531
35501359
35501264
35500903
35500754
35500409
35500268
35499879
35499658
35499487
35499194
35499065
35498829
35498685
35496301
35496102
35495458
35494999
35494917
35493797
35493650
35493618
35493319
35493009
35492972
35492937
35492931
35492894
35492619
35492375
35492338
35492299
35492138
35492065
35491547
35490796
35488316
35488127
35487616
35487617
35487547
35487544
35487483
35487381
35487337
35487287
35487033
35486661
35486620
35486493
35486442
35486360
35485887
35485789
35485228
35485086
35484880
35484472
35484295
35484161
35483796
35483360
35483283
35482935
35482779
35482772
35481818
35481740
35481567
35481523
35481401
35481257
35481134
35481083
35481051
35480643
35480448
35480433
35480369
35480341
35480331
35480314
35480304
35480291
35480219
35480105
35480083
35479849
35479699
35479609
35479538
35479023
35478791
35478566
35478276
35478142
35477995
35477862
35477816
35477716
35477323
35477077
35477048
35477011
35476974
35476944
35476927
35476905
35476867
35476676
35476536
35476509
35476370
35476135
35476040
35475830
35475820
35475788
35475706
35475571
35475456
35475426
35475357
35475308
35475228
35475225
35475176
35475030
35474989
35474941
35474827
35474706
35474699
35474627
35474486
35474471
35474394
35474270
35474235
35474151
35474123
35474010
35473959
35473936
35473929
35473914
35473850
35473809
35473745
35473720
35473709
35473703
35473655
35473618
35473591
35473486
35473460
35473418
35473419
35473228
35473159
35473124
35473066
35473037
35473002
35472970
35472909
35472715
35472619
35472369
35472366
35472307
35472266
35472189
35472103
35471972
35471877
35471854
35471826
35471644
35471528
35471481
35471444
35471244
35471156
35471000
35470970
35470903
35470838
35470839
35470680
35470586
35470537
35470421
35470384
35470335
35470331
35470309
35470188
35469994
35469954
35469944
35469583
35469490
35469382
35469218
35469080
35468916
35468853
35468847
35468802
35468769
35468735
35468700
35468667
35468615
35468594
35468366
35468254
35468205
35468164
35468084
35468029
35467973
35467925
35467900
35467858
35467831
35467765
35467376
35467105
35466536
35466527
35466493
35466442
35466355
35466312
35466162
35466139
35466087
35465598
35465440
35465216
35465163
35464831
35464782
35464684
35464680
35464581
35464544
35464405
35464274
35464249
35464024
35463955
35463886
35463806
35463727
35463621
35463566
35463562
35463481
35463423
35463257
35463151
35463127
35462975
35462831
35462783
35462712
35462629
35462307
35462295
35462120
35462128
35462099
35462070
35462021
35461825
35461224
35460747
35460567
35460410
35460343
35460342
35460210
35459553
35459330
35459286
35459190
35459148
35459120
35459048
35458994
35458939
35458897
35458698
35458655
35458618
35458510
35458416
35458373
35458350
35458295
35458247
35458104
35457988
35457894
35457779
35457692
35457648
35457536
35457350
35457338
35457282
35457187
35457165
35457143
35457096
35457002
35456930
35456875
35456852
35456730
35456634
35456621
35456543
35456537
35456360
35456291
35456178
35456129
35456104
35456098
35456083
35456053
35456016
35456002
35455986
35455966
35455951
35455922
35455892
35455851
35455834
35455824
35455792
35455774
35455770
35455749
35455679
35455656
35455639
35455617
35455591
35455580
35455566
35455546
35455531
35455526
35455508
35455495
35455480
35455464
35455443
35455426
35455418
35455411
35455382
35455354
35455319
35455294
35455210
35455118
35455061
35454692
35454634
35454531
35454455
35454386
35454351
35454243
35453122
35452934
35452833
35452757
35452692
35452683
35452648
35452614
35452593
35452582
35452553
35452527
35452448
35452235
35452005
35451981
35451825
35451753
35451638
35451530
35446873
35446520
35446417
35445576
35445169
35445088
35444722
35444111
35443509
35443193
35442314
35438626
35438603
35438587
35438558
35438540
35438331
35438326
35438315
35438306
35438287
35438272
35438250
35438227
35438206
35438179
35438138
35438112
35438087
35438068
35438043
35438027
35437999
35437953
35437939
35437887
35437861
35437844
35437837
35437818
35437805
35437792
35437770
35437747
35437746
35437744
35437730
35437714
35437706
35437699
35437682
35437673
35437657
35437647
35437639
35437626
35437611
35437597
35437591
35437586
35437547
35437543
35437522
35437490
35437461
35437448
35437435
35437424
35437409
35437395
35437369
35437354
35437339
35437132
35437050
35436658
35436152
35435728
35435517
35435403
35435108
35434947
35434817
35434718
35434663
35434385
35434329
35434282
35434283
35434047
35433972
35433909
35433836
35433269
35433133
35433111
35432896
35432843
35432791
35432589
35432185
35432141
35431985
35431970
35431942
35431858
35431784
35431609
35431455
35431384
35431340
35431295
35431206
35431140
35431101
35431004
35430909
35430906
35430554
35430475
35430422
35430166
35430007
35429849
35429831
35429793
35428043
35427897
35427837
35426310
35426151
35426004
35425052
35424111
35423096
35422470
35421789
35421641
35421361
35421163
35421021
35420891
35420850
35420740
35420639
35420620
35420481
35420399
35419805
35419605
35419538
35419469
35419021
35418306
35418265
35418242
35418073
35418068
35418034
35417927
35417790
35417753
35417681
35417639
35417621
35417578
35417513
35417422
35417361
35417344
35417272
35417239
35417199
35417188
35417127
35417077
35417057
35416979
35416898
35416894
35416777
35416689
35416663
35416518
35416427
35416319
35416288
35416220
35416179
35416155
35416120
35415992
35415973
35415931
35415923
35415888
35415880
35415842
35415803
35415593
35415174
35414670
35414598
35414551
35414553
35414396
35414339
35414315
35414098
35414035
35413974
35413965
35413917
35413870
35413811
35413695
35413614
35413413
35413411
35413275
35413209
35413093
35412828
35412585
35412357
35412315
35412297
35412248
35412235
35412090
35412063
35411882
35411632
35411517
35411388
35410796
35410665
35410519
35410516
35410405
35410271
35410123
35410075
35410055
35409976
35409810
35409688
35409449
35409379
35409308
35409237
35409227
35408973
35408864
35408442
35408054
35408021
35408017
35407873
35407609
35407483
35407452
35407389
35407375
35407075
35406932
35406829
35406272
35406236
35405967
35405930
35405612
35405479
35404661
35404583
35404504
35404322
35404220
35404164
35404082
35403957
35403874
35403835
35403786
35403744
35403661
35403472
35403308
35403246
35403099
35403013
35402963
35402413
35402330
35402294
35402277
35402189
35402102
35402089
35401818
35401791
35401491
35401464
35401342
35401325
35401102
35400988
35400959
35400911
35400888
35400883
35400753
35400680
35400647
35400613
35400550
35400480
35400475
35400412
35400397
35400294
35400290
35400270
35399911
35399364
35399261
35398849
35398762
35398352
35397934
35397904
35397732
35397713
35397649
35397313
35397174
35397142
35397082
35397054
35397041
35396990
35396917
35396882
35396836
35396791
35396769
35396712
35396499
35396368
35396200
35396153
35396133
35395987
35395958
35395900
35395869
35395811
35395761
35395682
35395653
35395588
35395578
35395511
35395498
35395476
35395427
35395412
35395325
35395320
35395301
35395288
35395266
35395222
35395000
35394826
35394789
35394769
35394717
35394711
35394665
35394641
35394623
35394565
35394492
35394478
35394259
35394163
35393450
35393438
35393224
35393128
35393058
35393004
35392987
35392872
35392688
35392648
35392650
35392642
35392540
35392527
35392220
35392215
35392206
35392190
35392172
35392037
35391940
35391819
35391775
35391701
35391541
35391516
35391472
35391006
35390946
35390901
35390293
35389995
35389792
35389755
35389751
35389693
35389491
35389395
35389347
35389226
35389159
35389118
35389087
35389062
35389001
35388946
35388908
35388883
35388871
35388866
35388767
35388759
35388686
35388673
35388657
35388635
35388580
35388551
35388525
35388492
35388405
35388393
35388301
35388280
35388262
35388239
35388215
35388206
35388018
35387883
35387875
35387862
35387833
35387808
35387803
35387794
35387773
35387765
35387762
35387744
35387747
35387739
35387729
35387716
35387696
35387669
35387623
35387609
35387599
35387580
35387557
35387542
35387533
35387534
35387516
35387494
35387493
35387381
35387360
35387185
35387146
35387131
35387112
35387108
35387090
35386971
35386947
35386909
35386898
35386857
35386827
35386814
35386808
35386759
35386755
35386726
35386729
35386724
35386710
35386680
35386673
35386642
35386631
35386617
35386605
35386595
35386570
35386539
35386500
35386445
35386428
35386424
35386403
35386364
35386354
35386342
35386324
35386318
35386281
35386249
35386227
35386211
35386183
35386177
35386155
35386157
35386136
35386120
35386104
35386076
35386039
35385984
35385972
35385931
35385912
35385859
35385845
35385839
35385830
35385825
35385818
35385803
35385792
35385788
35385768
35385748
35385747
35385738
35385730
35385725
35385699
35385607
35385583
35385580
35385575
35385563
35385552
35385536
35385522
35385511
35385505
35385485
35385446
35385419
35385317
35385251
35385190
35385021
35384974
35384973
35384946
35384911
35384845
35384750
35384608
35384600
35384503
35384494
35384426
35384335
35384265
35384162
35383953
35383845
35383824
35383735
35383647
35383539
35383405
35383254
35383214
35383179
35383156
35383132
35383119
35383098
35383099
35383061
35383018
35382991
35382965
35382951
35382922
35382772
35382745
35382736
35382729
35382483
35382433
35382313
35382311
35382264
35382125
35381991
35381918
35381893
35381863
35381813
35381791
35381788
35381763
35381744
35381654
35381625
35381607
35381585
35381547
35381514
35381313
35381306
35381063
35380613
35380594
35380569
35380516
35380482
35380453
35380402
35380340
35380301
35380274
35380238
35380208
35380144
35380110
35380086
35380031
35379980
35379910
35379854
35379800
35379730
35379663
35379660
35379629
35379591
35379557
35379537
35379527
35379516
35379485
35379486
35379464
35379465
35379433
35379428
35379419
35379402
35379397
35379369
35379332
35379301
35379267
35379232
35379235
35379211
35379210
35379197
35379175
35379144
35379114
35379058
35379038
35379025
35378976
35378915
35378920
35378903
35378877
35378845
35378835
35378808
35378801
35378728
35378717
35378656
35378569
35378482
35378479
35378460
35378336
35378098
35378025
35377875
35377861
35377712
35377664
35377593
35377522
35377366
35377056
35376997
35376979
35376941
35376861
35376762
35376501
35376451
35376425
35376392
35376325
35376265
35376110
35376103
35376023
35376013
35375927
35375913
35375916
35375863
35375813
35375782
35375762
35375742
35375662
35375578
35375572
35375564
35375505
35375493
35375445
35375376
35375263
35375249
35375165
35375166
35375108
35375024
35374966
35374960
35374922
35374915
35374872
35374857
35374856
35374789
35374697
35374628
35374604
35374592
35374563
35374557
35374536
35374483
35374352
35374285
35374241
35374237
35374207
35374202
35374188
35374158
35374034
35373938
35373798
35373785
35373719
35373612
35373508
35373388
35373380
35373308
35373306
35373292
35373286
35373282
35373277
35373265
35373251
35373150
35373137
35373136
35373114
35373088
35373057
35373013
35372955
35372939
35372815
35372776
35372766
35372610
35372598
35372550
35372537
35372454
35372214
35372202
35372156
35372100
35372048
35371929
35371880
35371850
35371723
35371686
35371630
35371555
35371461
35371237
35371208
35371030
35370828
35370741
35370667
35370657
35370609
35370272
35370163
35370138
35369785
35369742
35369059
35368943
35368767
35368670
35368613
35368514
35368216
35368078
35368067
35367991
35367888
35367840
35367740
35367712
35367680
35367670
35367658
35367643
35367605
35367501
35367493
35367348
35367150
35366973
35365775
35365353
35364737
35364250
35364207
35363743
35363725
35363444
35362428
35362342
35362242
35361907
35361890
35361830
35361754
35361664
35361543
35361115
35361071
35360984
35360758
35360722
35360634
35360518
35360488
35360452
35360392
35360219
35359877
35359670
35358272
35357974
35357561
35357060
35356973
35356892
35355585
35355486
35355415
35355390
35355375
35355341
35355290
35355281
35355272
35355199
35355106
35355068
35355011
35354947
35354911
35354823
35354765
35354749
35354744
35354713
35354678
35354598
35354589
35354506
35354365
35354301
35354242
35354232
35354207
35354177
35354158
35354142
35354087
35354080
35354063
35354019
35353994
35353995
35353971
35353914
35353884
35353842
35353825
35353826
35353784
35353625
35353448
35353198
35353199
35353122
35353050
35353036
35353010
35352978
35352966
35352963
35352949
35352943
35352914
35352897
35352826
35352820
35352785
35352790
35352545
35352169
35352073
35352013
35351954
35351936
35351893
35351868
35351854
35351833
35351807
35351777
35351746
35351722
35351699
35351630
35351518
35351438
35351281
35351262
35351029
35350777
35350549
35350465
35349921
35349882
35349728
35349699
35349665
35349663
35349615
35349414
35349400
35349360
35349342
35349123
35349112
35349047
35348862
35348850
35348741
35348715
35348471
35348209
35348134
35347986
35347979
35347850
35347814
35347724
35347630
35347600
35347589
35347566
35347537
35347515
35347493
35347486
35347448
35347421
35347401
35347336
35347283
35347177
35347173
35347166
35347156
35347096
35347083
35347076
35347065
35347054
35347039
35347026
35347018
35347011
35347004
35346994
35346988
35346981
35346874
35346798
35346645
35346340
35346014
35345747
35345542
35345382
