40389413
40344446
40292781
40292739
40292714
40292685
40292660
40292631
40292579
40292544
40292501
40292453
40292417
40292384
40292356
40292310
40292278
40292253
40292205
40292176
40292134
40292093
40292062
40292036
40291992
40291923
40291872
40291829
40291793
40291764
40291728
40291692
40291674
40291646
40291616
40291574
40291545
40291455
40291398
40291354
40261459
40261355
40261315
40261254
40261186
40261088
40260978
40259028
40258952
40258219
40258206
40258194
40258183
40258169
40258158
40258144
40258129
40258119
40258105
40258089
40258071
40258054
40258043
40258035
40258012
40258000
40257983
40257973
40257961
40257947
40257942
40257929
40257917
40257907
40257900
40257886
40257838
40257821
40245308
40245284
40245262
40129635
40126098
40090943
40090907
40090847
40090830
40090221
40090204
40090188
40090151
40090120
40090112
40089874
40089822
40089804
40089786
40089461
40089448
40089437
40089427
40089420
40089407
40089392
40089359
40089284
40089256
40089031
40089021
40089004
40088990
40088972
40088958
40088945
40088934
40088919
40058762
40051309
39999812
39999723
39995378
39995082
39987200
39979606
39960895
39958823
39946580
39945607
39945356
39944962
39913560
39913538
39913486
39913453
39913430
39913411
39913377
39913331
39913310
39913285
39913227
39913197
39913181
39913153
39913120
39913086
39913040
39913008
39904233
39856116
39856043
39855961
39855914
39855864
39821544
39818816
39774451
39757703
39757582
39757270
39757212
39757117
39756906
39756814
39756478
39756398
39755750
39755554
39755024
39754910
39753995
39753680
39753559
39753368
39744920
39743265
39738658
39733059
39726220
39723053
39723018
39722991
39722962
39722940
39722915
39722897
39722862
39722831
39722795
39722752
39722710
39722658
39722614
39722531
39722485
39722457
39722426
39722338
39722207
39631287
39631214
39625017
39624777
39615180
39613201
39604782
39597301
39584522
39577044
39576497
39575861
39575751
39573593
39573512
39573077
39572886
39572799
39572578
39560334
39560270
39560194
39560040
39559909
39559816
39559616
39550105
39549813
39544862
39539641
39539362
39539305
39539280
39539249
39539163
39539140
39539110
39539089
39539061
39539036
39539010
39538970
39538936
39538907
39538870
39538850
39538823
39538795
39537875
39510764
39497498
39495965
39484022
39481567
39475369
39475182
39473802
39473556
39473081
39472532
39472350
39472193
39471698
39471624
39463141
39462141
39451851
39447067
39436506
39436327
39420258
39416988
39402002
39401828
39399250
39396584
39394111
39380785
39380072
39380035
39378432
39378408
39378369
39378333
39378299
39377447
39377427
39377407
39377379
39377355
39377316
39377295
39377263
39377252
39377227
39377211
39377188
39377172
39377106
39377081
39377056
39376979
39376955
39376936
39376915
39376890
39373858
39357521
39349352
39348417
39340468
39338217
39337758
39326518
39326265
39269755
39260604
39254805
39254801
39254121
39253871
39253548
39241385
39240762
39239558
39227533
39225967
39217778
39214455
39214334
39213143
39212784
39212763
39211144
39211115
39210917
39210900
39210879
39210863
39210816
39210754
39210700
39210646
39210622
39210497
39210463
39210290
39210268
39210237
39210194
39210171
39209882
39209121
39180261
39175814
39174554
39172629
39171862
39164800
39156952
39155633
39155368
39154590
39127667
39117375
39116920
39112575
39105627
39104932
39104690
39104274
39100041
39099815
39099751
39099711
39089836
39081619
39076477
39072534
39060184
39060075
39054744
39054725
39054705
39054678
39054657
39054635
39054607
39054583
39054567
39054549
39054508
39054471
39054457
39054433
39054350
39054320
39047803
39047717
39047639
39047602
39030585
39016458
39015994
39015601
39012042
39010552
39009951
39008801
38998298
38997707
38993674
38990911
38990742
38990695
38990628
38990540
38990091
38989720
38988148
38985615
38985297
38984454
38970943
38970718
38968126
38967749
38966723
38960884
38959059
38958668
38958157
38958027
38957926
38957881
38957869
38957824
38918494
38918354
38918303
38918250
38918196
38918085
38918007
38917864
38917721
38917430
38912190
38892846
38891982
38891873
38887303
38887240
38887125
38887009
38886939
38886785
38886701
38886675
38886655
38886623
38886605
38886584
38886563
38886539
38886527
38886504
38886482
38886458
38886433
38886417
38886399
38886382
38886361
38886336
38886309
38886303
38886289
38886219
38873858
38866860
38866837
38866813
38866392
38866191
38866152
38865999
38865958
38852921
38851852
38851808
38851778
38851733
38851696
38851645
38851609
38851571
38850765
38850700
38850595
38849930
38849890
38849855
38849655
38849548
38849500
38849444
38849332
38849272
38848855
38848833
38848807
38848785
38848586
38848193
38847834
38847649
38846586
38846507
38846480
38846457
38846363
38845902
38802644
38802567
38776914
38775998
38774364
38773685
38773000
38772687
38772004
38770341
38770011
38769786
38768296
38762896
38762288
38761946
38748834
38743458
38731676
38726637
38722724
38722370
38717359
38716025
38715993
38715383
38715146
38715115
38715086
38715063
38715036
38714998
38714974
38714955
38714895
38714873
38714837
38714807
38714769
38714741
38714711
38714679
38714552
38714526
38713355
38713295
38711612
38711520
38654159
38635853
38624322
38624074
38623938
38623255
38623218
38623051
38622776
38622663
38620488
38614005
38599841
38587443
38587243
38586772
38586610
38584556
38584474
38584431
38584375
38584307
38584161
38584088
38583922
38582618
38582582
38582525
38582488
38582425
38582393
38582340
38582244
38582161
38582129
38582080
38582047
38581989
38581910
38581858
38581738
38581704
38581668
38581635
38581591
38581490
38581407
38581364
38581328
38581050
38580908
38580809
38580770
38580703
38580657
38580611
38580554
38580434
38580386
38580341
38580299
38580253
38580208
38580083
38579798
38579668
38578197
38577700
38577607
38577554
38577462
38577360
38577261
38577222
38577168
38577098
38577019
38576974
38576855
38576782
38576717
38576649
38576453
38576329
38576115
38575962
38575828
38575761
38575681
38575272
38575180
38574975
38574866
38574621
38571981
38568992
38565066
38564373
38564247
38548442
38548336
38547399
38546618
38545306
38545252
38532630
38532599
38532578
38531915
38531885
38531855
38531827
38531773
38531746
38531632
38531529
38531500
38531476
38531451
38531431
38531405
38531364
38531342
38531313
38531292
38531260
38531206
38531166
38529522
38528464
38528420
38528318
38527726
38510439
38510083
38509972
38509626
38509454
38509118
38508803
38508149
38499699
38499641
38499595
38499487
38499439
38499335
38499260
38499159
38499057
38498969
38498905
38498841
38498724
38498647
38498498
38496876
38496800
38496709
38496620
38496362
38496248
38496071
38469994
38462968
38454441
38451406
38442090
38441643
38440480
38438822
38436918
38423636
38419016
38397384
38397215
38393839
38392722
38392513
38390732
38389956
38388759
38386900
38384384
38372532
38371892
38371842
38370727
38370482
38369911
38369559
38369506
38369451
38369425
38369377
38368906
38362799
38362664
38360763
38360737
38360695
38360614
38360574
38360546
38360521
38360493
38351113
38351071
38351047
38351018
38350991
38350938
38349499
38349474
38349455
38349423
38349396
38349373
38349350
38348980
38348949
38348940
38348921
38348906
38348869
38348856
38348830
38348802
38348768
38348745
38348739
38348713
38348663
38348658
38348640
38341118
38341063
38341039
38341014
38340997
38340979
38340964
38340892
38331037
38330861
38330812
38326970
38326903
38315902
38308018
38306650
38304616
38295097
38293314
38292687
38291262
38290311
38281216
38280145
38280050
38279905
38278536
38277254
38277221
38277157
38277010
38276784
38276395
38276234
38273506
38273036
38272938
38268134
38241686
38241667
38241641
38241616
38241584
38241557
38241537
38241515
38241480
38241463
38241419
38238207
38236442
38236343
38236249
38236113
38236041
38235949
38235901
38235834
38235720
38235590
38235514
38235444
38235395
38235307
38235221
38235135
38235067
38234957
38234915
38234822
38234780
38234662
38234454
38234406
38234360
38234246
38234203
38233766
38233724
38233675
38233615
38233557
38231284
38230411
38229938
38229665
38229495
38229182
38228863
38228781
38228616
38228587
38228524
38228481
38228450
38228410
38228384
38228369
38228297
38228266
38228233
38228201
38228155
38228108
38228074
38228050
38227975
38227922
38227879
38227563
38227536
38227505
38227496
38227459
38227349
38227280
38227265
38227229
38227194
38227157
38227113
38227089
38227074
38227033
38227002
38226970
38226930
38226763
38226718
38226619
38226574
38226518
38226468
38226418
38226359
38226289
38226223
38225984
38225440
38225083
38224709
38224640
38224580
38224478
38224408
38223775
38223140
38222616
38220977
38219196
38214410
38214070
38213615
38213465
38213080
38212903
38211920
38209893
38208858
38207537
38200407
38199699
38199606
38199370
38195744
38195470
38195313
38195244
38195144
38195050
38194678
38194389
38194290
38194154
38193097
38193032
38192843
38192697
38191852
38191767
38191556
38190734
38190650
38190602
38190587
38190508
38184722
38184637
38184598
38184516
38184475
38182140
38179364
38178394
38177881
38177196
38177172
38177150
38177128
38177096
38177076
38177059
38177037
38177017
38176984
38176958
38176936
38176913
38176873
38176843
38176809
38176663
38176496
38176392
38176332
38176248
38160553
38159223
38159193
38158262
38158130
38143773
38108528
38108426
38108333
38108037
38107967
38107826
38103888
38103815
38103247
38103080
38102596
38102364
38102136
38095867
38090628
38060466
38058507
38057811
38057210
38057213
38056686
38056334
38056266
38053733
38052875
38049787
38048872
38048846
38048542
38047491
38045483
38045021
38043276
38042347
38042283
38042061
38041385
38040697
38040064
38039766
38039363
38038988
38038634
38038416
38038265
38037969
38037815
38037805
38037332
38036696
38034223
38026346
38026078
38023281
38022496
38020398
38020372
38020347
38019882
38019716
38019367
38019292
38018722
38018656
38018589
38017200
38016460
38015634
38015518
38015420
38012273
38012197
38012081
38011989
38011818
38011732
38011576
38011488
38010716
38010314
38009985
38009032
38008278
38008191
38008050
38007986
38007796
38007715
38007650
38006984
38006868
38006772
38006595
38006543
38006451
38006408
38004361
38004090
38003990
38003948
38003811
38003676
38003582
38003426
38003235
38003155
38003129
38003073
38003068
38002973
38002893
38002552
38002497
38002355
38002284
38002124
37999833
37998255
37973180
37970988
37967749
37966838
37966472
37964864
37957599
37952325
37951405
37947528
37947428
37947242
37947032
37946825
37946484
37946384
37945502
37943854
37938639
37938305
37937990
37937746
37937183
37935407
37934823
37934392
37933766
37931359
37931274
37930499
37930420
37930233
37930118
37929104
37925639
37925379
37925336
37917130
37914942
37914900
37911613
37905686
37903784
37903472
37902737
37902018
37900944
37899917
37896159
37895692
37889270
37888901
37885727
37882962
37882345
37881945
37881535
37878589
37878512
37869821
37869329
37869298
37869244
37869168
37869117
37868819
37868731
37868633
37868417
37868389
37868103
37867974
37867907
37867843
37867841
37867821
37867811
37867771
37867742
37867705
37867644
37867589
37867533
37867483
37866277
37865890
37865848
37865748
37865493
37865473
37854257
37853544
37853257
37853203
37853115
37853016
37852657
37852535
37851058
37850962
37850864
37850749
37848451
37845977
37844302
37844111
37838828
37838674
37838009
37837757
37834784
37834779
37834623
37834621
37834615
37834602
37825158
37824875
37822565
37821625
37821316
37818547
37813105
37813012
37812058
37811931
37811269
37807910
37807709
37807345
37806669
37801906
37796974
37794888
37794290
37794135
37784947
37783452
37783365
37781716
37781539
37778339
37778019
37776627
37764666
37763856
37761796
37750994
37743188
37733236
37733140
37733111
37733065
37733057
37733035
37732797
37732223
37732174
37732082
37732065
37732037
37731863
37731859
37731849
37731773
37731771
37731707
37731648
37731619
37731514
37731498
37731459
37731341
37731194
37730863
37730825
37726812
37726534
37719728
37719610
37719502
37719308
37719210
37719112
37718974
37718836
37718692
37718605
37718487
37718428
37718342
37718026
37717889
37717611
37717545
37717478
37717417
37717385
37717235
37716754
37716708
37716679
37716633
37716594
37716482
37716448
37716415
37716384
37716290
37716214
37716169
37716135
37716022
37715984
37715941
37715898
37715793
37715273
37715169
37714727
37714682
37714649
37714525
37714388
37714293
37714245
37714203
37714176
37714124
37714049
37713999
37713947
37713908
37713811
37709077
37708876
37708789
37708740
37708452
37702330
37702295
37701755
37701098
37700776
37700646
37700479
37700191
37699068
37698996
37698955
37698853
37698749
37698709
37698668
37698641
37698448
37698423
37698398
37698352
37698155
37698117
37698079
37697990
37697929
37697884
37697822
37697748
37697695
37697508
37697479
37697424
37697406
37697396
37697375
37697337
37697313
37697292
37697230
37697201
37697117
37697006
37696977
37696932
37696886
37696881
37696833
37696764
37696649
37696582
37696506
37696323
37696277
37696183
37694452
37694432
37694423
37694412
37694118
37693312
37693238
37693172
37693081
37692941
37692869
37692828
37692776
37692709
37692660
37692413
37692278
37692250
37692227
37692197
37692169
37692138
37692046
37692017
37691931
37691855
37691845
37691837
37691809
37691786
37691751
37691383
37690775
37689875
37688226
37687589
37687484
37685019
37681366
37680622
37678751
37678714
37678680
37678584
37678567
37678553
37678545
37678527
37678508
37678498
37678483
37678364
37672202
37671575
37670742
37665265
37665245
37665205
37664550
37664473
37664381
37664273
37663562
37663348
37663307
37662883
37662671
37662455
37662339
37662276
37661869
37661523
37661208
37660154
37660097
37660000
37659804
37659767
37659712
37659650
37659632
37659577
37659435
37659402
37659308
37659177
37658971
37658421
37658236
37658190
37658112
37658010
37657855
37657493
37657141
37656481
37655470
37644852
37644220
37643938
37637008
37636769
37636611
37636505
37636293
37636205
37636148
37636081
37636045
37635987
37635913
37632854
37632649
37630990
37629132
37628223
37627927
37627922
37627329
37625098
37624974
37622170
37618078
37617029
37616320
37614598
