41807621
41807422
41777197
41773957
41773572
41773346
41773196
41772920
41772854
41772642
41772378
41772017
41771774
41771617
41771559
41771451
41771129
41771038
41770801
41770650
41770468
41770395
41770284
41766315
41766066
41765645
41762124
41736175
41736104
41732982
41728205
41720767
41709256
41703992
41701808
41685414
41685199
41684662
41684407
41669133
41645032
41627156
41612254
41612204
41612155
41612098
41612038
41611958
41611896
41611885
41611825
41611688
41611591
41611496
41611416
41611352
41611283
41611224
41611160
41610970
41603648
41600704
41600571
41600391
41600157
41590196
41587778
41587666
41587374
41582884
41579185
41578299
41578263
41578156
41577967
41577435
41577161
41575316
41575234
41575188
41575035
41572501
41572364
41571905
41569875
41568871
41559429
41558788
41557761
41557251
41556448
41556234
41555654
41551461
41548429
41547536
41547197
41544221
41539105
41538755
41536382
41535541
41535096
41534810
41532675
41532184
41529890
41526034
41525559
41525516
41525101
41511362
41511150
41510756
41510435
41483301
41466673
41466112
41465876
41465736
41465602
41464531
41463416
41453826
41451554
41449072
41445840
41444695
41444651
41444624
41444584
41444515
41444472
41444408
41444331
41444280
41444254
41444203
41444142
41444091
41444008
41443872
41443734
41436760
41435241
41431559
41430079
41426324
41425182
41425135
41425125
41424879
41422262
41422175
41422148
41420567
41420086
41419596
41416816
41410305
41408162
41406917
41404115
41400241
41400136
41397383
41393678
41384997
41376872
41373790
41370834
41370798
41368594
41350321
41350234
41348320
41347511
41342188
41324857
41322723
41322622
41309839
41309792
41309769
41309751
41298554
41296185
41294970
41291812
41291444
41287893
41287108
41285259
41285057
41283594
41282977
41281334
41277962
41274958
41274841
41274081
41273974
41265588
41258282
41256350
41254751
41254388
41254279
41252437
41252228
41243988
41243761
41243438
41243296
41242324
41235062
41230141
41229625
41229602
41229576
41229552
41229474
41229213
41229169
41228731
41228693
41228473
41228203
41228136
41228060
41227801
41227727
41227709
41227637
41227611
41227388
41227277
41227202
41227164
41227159
41227003
41226916
41226723
41226544
41226498
41226336
41226249
41226069
41225910
41225618
41225495
41225383
41225306
41224974
41224882
41224820
41224570
41224427
41224255
41222768
41222607
41222364
41222217
41221958
41221502
41221426
41220793
41214644
41201791
41196980
41188026
41187461
41187437
41187250
41186958
41186605
41186409
41186298
41180654
41180312
41180194
41175334
41175188
41175071
41174824
41166259
41165832
41165655
41160962
41156160
41155329
41155234
41151075
41150130
41146713
41146504
41144110
41133470
41133324
41131893
41122648
41119191
41118891
41118883
41118835
41111619
41109348
41107710
41107626
41101052
41083877
41076308
41076056
41072457
41064476
41064281
41064213
41063988
41063831
41063750
41063647
41063512
41063397
41062265
41062207
41061364
41060676
41059603
41059224
41058443
41058194
41058061
41057980
41057815
41057653
41057552
41057067
41056969
41055082
41053796
41053575
41052695
41049354
41046059
41045976
41045797
41045759
41045626
41045599
41045442
41044190
41042616
41042340
41041817
41041108
41040522
41040284
41040078
41039678
41039257
41039119
41038993
41038699
41038231
41035306
41035199
41033596
41032751
41029212
41026263
41026098
41024786
41021467
41020884
41020254
41019369
41019322
41018049
41018023
41017654
41017637
41015146
41015047
41014770
41014077
41010123
41009967
41009748
41009715
41009645
41009584
41009401
41009305
41009213
41009103
41009018
41008929
41008921
41007080
41006714
41000336
41000107
40999794
40999607
40998514
40997906
40997856
40996549
40996531
40996515
40996499
40996490
40996473
40996455
40996439
40996421
40996365
40996342
40996310
40996293
40996277
40995767
40995263
40995196
40994411
40994394
40991666
40989487
40986065
40986003
40983646
40983364
40983056
40982990
40982716
40982525
40982503
40982446
40981812
40981773
40981749
40981702
40981669
40980410
40979223
40979189
40979016
40978956
40978911
40976195
40974868
40972629
40972394
40972284
40972249
40972205
40972155
40972122
40971953
40971916
40971883
40971844
40971768
40971704
40971566
40971494
40971421
40971385
40971321
40971253
40971134
40971065
40971018
40970988
40970901
40970773
40970762
40970710
40970545
40970309
40966235
40963826
40963661
40963518
40962518
40955698
40955060
40954904
40954867
40954845
40954738
40947264
40947187
40947124
40947074
40945925
40945888
40945005
40943537
40943231
40943013
40942616
40941151
40940790
40940386
40940221
40940151
40939928
40939156
40939112
40938997
40938876
40938675
40938549
40938454
40938418
40938324
40938310
40938252
40938185
40938061
40938041
40937952
40937909
40937863
40937789
40937717
40937613
40937507
40937471
40937401
40937377
40937333
40937119
40936511
40936135
40935966
40935805
40935439
40935330
40935047
40934536
40934362
40934216
40934127
40934096
40934010
40933978
40933701
40933687
40933633
40933577
40933522
40933529
40933488
40933418
40933311
40932995
40932728
40932607
40932561
40932508
40932480
40932477
40932401
40932264
40931796
40931751
40931702
40931600
40931467
40931416
40930443
40929476
40928786
40928693
40928336
40927924
40927651
40927634
40926617
40926145
40926100
40926033
40925788
40925584
40925369
40924637
40924496
40924451
40924272
40924055
40923302
40922449
40922338
40922263
40922117
40922023
40921996
40920973
40920941
40920932
40920844
40920170
40920089
40920051
40920044
40919933
40919904
40919855
40917813
40917550
40917318
40916930
40916408
40916402
40916326
40916247
40916169
40915615
40915544
40915438
40915368
40914150
40914031
40911007
40910746
40910649
40908650
40907788
40906410
40905985
40904679
40904394
40900508
40899805
40899783
40899570
40899489
40899464
40898508
40898324
40898194
40897888
40897855
40897340
40897150
40896991
40896937
40896830
40896631
40895190
40894749
40894612
40894587
40894539
40894407
40894381
40894277
40893500
40893226
40893160
40893062
40892952
40892874
40892585
40892431
40892249
40892146
40892091
40891125
40890973
40890771
40890468
40889687
40888248
40888043
40887963
40887712
40887544
40887474
40887458
40887305
40887086
40886690
40886584
40886439
40886422
40885849
40885437
40885113
40884680
40884105
40884021
40883907
40883862
40883752
40883153
40882177
40876060
40873002
40872618
40872551
40872524
40872347
40872261
40870893
40870329
40868690
40867934
40864411
40863806
40862378
40861754
40861596
40861495
40861160
40861109
40860349
40860226
40860159
40860051
40859915
40859874
40859803
40859641
40859582
40858960
40858768
40858646
40857408
40856011
40855956
40847395
40842965
40838733
40837595
40832194
40824405
40824221
40823942
40823936
40823823
40823810
40860159
40860051
40859915
40859874
40859803
40859641
40859582
40858960
40858768
40858646
40857408
40856011
40855956
40847395
40842965
40838733
40837595
40832194
40824405
40824221
40823942
40823936
40823823
40823810
40823778
40823763
40823747
40823726
40823709
40823705
40823695
40823684
40823670
40823654
40823644
40823632
40823608
40823398
40823058
40820353
40820127
40819979
40819486
40818876
40818463
40817965
40817850
40817744
40817481
40817151
40817138
40811883
40810964
40810947
40809559
40793748
40793469
40793382
40793302
40793072
40793005
40792949
40792855
40792809
40792755
40792709
40792657
40792648
40792601
40792573
40792526
40792479
40792454
40792407
40789907
40772290
40772256
40772192
40772151
40772052
40772015
40771979
40763668
40762868
40762017
40755931
40755183
40755079
40754268
40738767
40729962
40722176
40721888
40718508
40718275
40717665
40715560
40713458
40712767
40711116
40710394
40707022
40706964
40706924
40706879
40705635
40704660
40699885
40699769
40699592
40699452
40699203
40699044
40698644
40691599
40691249
40691156
40690541
40686040
40673621
40672992
40672354
40668216
40664281
40663619
40663350
40663079
40662818
40662448
40661457
40661224
40661139
40661055
40660500
40659855
40659817
40659719
40659608
40659464
40659365
40659266
40659061
40658934
40658840
40658536
40658357
40658258
40658024
40657244
40656503
40656282
40655983
40655720
40655572
40655442
40655109
40653831
40651003
40650625
40650241
40650155
40642426
40634574
40630903
40630569
40630470
40630438
40630395
40630341
40630276
40630171
40629200
40629184
40629057
40628798
40628740
40628684
40628632
40628589
40628582
40628563
40628517
40627575
40627138
40625974
40625676
40625626
40625534
40625172
40624989
40624927
40624796
40624506
40624499
40624395
40526318
