42998602
42972617
42967191
42967099
42966968
42948157
42947731
42947628
42947401
42947303
42947219
42947105
42946991
42946886
42946769
42946484
42946390
42944057
42943897
42943489
42943249
42942885
42933773
42913193
42909112
42908730
42907587
42905089
42902241
42902152
42902095
42902000
42882940
42871649
42870277
42869802
42868637
42860813
42857455
42857297
42857261
42857149
42857085
42782714
42770469
42770087
42744503
42732134
42731974
42731440
42705535
42704417
42704002
42700809
42688812
42679421
42660664
42649121
42643613
42643282
42643158
42642915
42642639
42641476
42640505
42639426
42639305
42621432
42616073
42615277
42614420
42596346
42594897
42572643
42571300
42571182
42570189
42568656
42558872
42552234
42552123
42551996
42536950
42535224
42535156
42527151
42511950
42499214
42498986
42489129
42488935
42488816
42473688
42473594
42470520
42470087
42466886
42464937
42464198
42464004
42461954
42461396
42461220
42461178
42459904
42458869
42458745
42456888
42456634
42454609
42452333
42451512
42447045
42435510
42433688
42429100
42429007
42427471
42403495
42403183
42402934
42402681
42402533
42402341
42402221
42402099
42401397
42394003
42393713
42393221
42392910
42392819
42392677
42384226
42378913
42376606
42376055
42375992
42375905
42375255
42374572
42373318
42370511
42370388
42369613
42369508
42368722
42368362
42368128
42367899
42367812
42367711
42367580
42367498
42367203
42367111
42366796
42366447
42366373
42366195
42366072
42365788
42365702
42365412
42365281
42365087
42364986
42364851
42364564
42364502
42364362
42364223
42364126
42363705
42363458
42348578
42348334
42347441
42346193
42346047
42345853
42345618
42345152
42343833
42343718
42343440
42343265
42342445
42342248
42342009
42341695
42341093
42340945
42334783
42326652
42317354
42308552
42307226
42307047
42305717
42300918
42300308
42298092
42297949
42296124
42296012
42295891
42295763
42295692
42295027
42293135
42292835
42292680
42292525
42292088
42291981
42291795
42289211
42288996
42288350
42285901
42285059
42284784
42281438
42281225
42280589
42279567
42277728
42276887
42276150
42276067
42272750
42272603
42271596
42271015
42266625
42266312
42266112
42266006
42265667
42265639
42265561
42265547
42265503
42265441
42265438
42264849
42263072
42262887
42261685
42260753
42259458
42258587
42258412
42257007
42256025
42252205
42250110
42248786
42248747
42246966
42246440
42245128
42243396
42242917
42241357
42240794
42240528
42240362
42240057
42239564
42239164
42237052
42235878
42235696
42230666
42229628
42227505
42222573
42222176
42221330
42220652
42220630
42220467
42220332
42220098
42218912
42217173
42211083
42209765
42200320
42200107
42197295
42195535
42195009
42193885
42193813
42193533
42189782
42185917
42185804
42181742
42181536
42181508
42181404
42181384
42181313
42181231
42181153
42180683
42180649
42180616
42180568
42180549
42180533
42180516
42168122
42167449
42165576
42164683
42162948
42159483
42159136
42157610
42157032
42156068
42155335
42154975
42154563
42154430
42154130
42152969
42150578
42150300
42150167
42150046
42149333
42149150
42148713
42148596
42147716
42147570
42146701
42146558
42145401
42143242
42143046
42142885
42142610
42142530
42142475
42142078
42140758
42140639
42139348
42135895
42134112
42133159
42132933
42132801
42131216
42130139
42129799
42129669
42129622
42129552
42129305
42129123
42128787
42128679
42128621
42126862
42126468
42125225
42125014
42124795
42124128
42124074
42124000
42123961
42122639
42122428
42119868
42119539
42119456
42119458
42119434
42118438
42118424
42118375
42118323
42118305
42118278
42118265
42118229
42118178
42118154
42117870
42116985
42116835
42116671
42115221
42114799
42114099
42114100
42114095
42109124
42108945
42108846
42108734
42108625
42108403
42108269
42108223
42104327
42104171
42103946
42103914
42103791
42103790
42103758
42103726
42103703
42103419
42103385
42103289
42103009
42102851
42102818
42102751
42102660
42102530
42102482
42099138
42095579
42093353
42093121
42087567
42085897
42085355
42084800
42083932
42083584
42081686
42080211
42079055
42075444
42075328
42070699
42063112
42052939
42051410
42050593
42048355
42047228
42047103
42044752
42044157
42043455
42037211
42037089
42034967
42034891
42034596
42034492
42034183
