44964314
44964177
44964078
44963966
44963870
44963487
44963357
44963040
44962176
44936284
44922154
44921717
44915909
44903533
44893528
44884433
44845471
44845452
44845433
44844762
44844274
44844178
44842712
44838333
44838063
44831261
44800286
44799333
44792916
44792511
44789196
44776493
44772451
44771016
44760852
44740016
44739921
44739429
44738784
44738269
44737838
44737452
44666436
44666377
44666327
44666251
44666189
44665947
44665881
44665793
44665744
44665687
44665605
44665516
44665448
44665344
44665303
44665262
44665193
44665116
44665012
44664964
44664900
44664840
44664767
44664660
44664565
44664508
44664454
44664387
44664338
44664255
44664210
44664134
44664081
44663994
44663744
44663689
44663636
44663556
44663504
44663438
44663386
44663322
44663193
44663134
44663091
44663041
44662998
44662911
44662553
44662463
44660485
44660296
44660066
44659868
44659322
44655638
44647004
44646573
44640643
44626144
44625756
44621006
44619101
44612808
44604417
44604101
44603938
44588796
44588579
44588205
44587822
44579036
44578993
44559651
44554848
44554821
44528171
44521465
44508681
44501143
44498030
44495827
44490057
44481771
44477844
44476774
44472838
44472022
44471213
44467698
44467381
44467267
44465957
44465355
44460841
44459933
44459510
44458666
44457010
44456275
44456089
44455434
44454504
44454073
44453854
44443695
44439842
44438775
44438533
44435537
44429689
44429643
44429566
44428108
44427129
44422087
44421994
44398991
44393358
44389677
44389525
44389300
44389019
44388499
44388481
44388315
44388069
44387942
44387697
44382351
44378054
44375771
44368861
44366745
44365989
44365133
44364743
44357602
44355091
44350962
44344213
44344053
44336240
44331456
44326700
44320514
44320270
44317406
44313621
44313610
44313566
44313555
44306929
44306734
44298130
44298093
44285374
44275893
44272081
44267124
44260124
44259421
44258064
44257772
44257225
44254347
44254258
44254186
44254126
44253911
44253892
44252207
44251774
44251698
44251552
44251425
44249345
44248888
44247951
44247565
44246744
44245132
44242390
44242267
44231952
44231566
44231303
44230685
44230503
44230289
44226520
44226469
44224602
44223155
44219514
44219377
44219309
44218587
44218243
44217132
44216597
44211510
44208973
44208949
44208693
44208672
44208549
44208461
44208316
44207810
44205696
44203845
44202487
44202339
44201980
44200551
44198289
44194853
44190914
44190685
44190645
44190609
44189626
44189405
44189254
44189184
44188607
44186465
44185138
44185073
44184895
44181840
44181786
44180575
44180532
44180475
44180451
44179000
44178263
44177905
44176722
44176257
