45877112
45868661
45868614
45860799
45849821
45848936
45838496
45838351
45838294
45838150
45832268
45826691
45824811
45823266
45821197
45817179
45816594
45803834
45801940
45797696
45780242
45777819
45769731
45769185
45768699
45764986
45764652
45764349
45764271
45760540
45759540
45756732
45756264
45755436
45749678
45749539
45742341
45742198
45741350
45740346
45737920
45736518
45733376
45733003
45732210
45732055
45731420
45731406
45720438
45718035
45714489
45709634
45709591
45707620
45706919
45706902
45706877
45706858
45706844
45706785
45706745
45706687
45706670
45706539
45706521
45706494
45706480
45705053
45705036
45705023
45704846
45704485
45704335
45704278
45703207
45703009
45702981
45702392
45702372
45702199
45702119
45692106
45687422
45687388
45686685
45683862
45679825
45673254
45649328
45648548
45648487
45646841
45637890
45637692
45637007
45636820
45636167
45635769
45635281
45634918
45634576
45633399
45632995
45632767
45632502
45632430
45631840
45631643
45631311
45631108
45629122
45624117
45624081
45623123
45621963
45620963
45620491
45618103
45613364
45613208
45610781
45601659
45595995
45595652
45594343
45593481
45592610
45592223
45592158
45592107
45591766
45590320
45588560
45586813
45584919
45581950
45577241
45564467
45564318
45562425
45561862
45561772
45561455
45556677
45556304
45554897
45554852
45554762
45554647
45554578
45554516
45554471
45554461
45554435
45554420
45553279
45552573
45552347
45551968
45551931
45551870
45551740
45551732
45551718
45551712
45551689
45551677
45551665
45551656
45551634
45551267
45551253
45551246
45551242
45551230
45551227
45551222
45551073
45551039
45551027
45551020
45550909
45550869
45550576
45546998
45546939
45546851
45546777
45546698
45546648
45546469
45546371
45546256
45546168
45546139
45546083
45545793
45545759
45545723
45545673
45545620
45545552
45545534
45545511
45545501
45545485
45545173
45545055
45543372
45539983
45511480
45511476
45511119
45511100
45510995
45510932
45510901
45510871
45510848
45510845
45510801
45510742
45510751
45510740
45510727
45510697
45510651
45510557
45510499
45510458
45510450
45510387
45510286
45509653
45499276
45498233
45496933
45496659
45496273
45495395
45495139
45494481
45491333
45490136
45480085
45479222
45473079
45472702
45472540
45472376
45471513
45471423
45471283
45469476
45469348
45469232
45468989
45468894
45468758
45468530
45467516
45467358
45465839
45465576
45465446
45465121
45464713
45464601
45464543
45460980
45460868
45460846
45460833
45460827
45460821
45460799
45460793
45460781
45460740
45460689
45460649
45455214
45453019
45451707
45445523
45438588
45415293
45415145
45414628
45412406
45412368
45412338
45412158
45411530
45409717
45408513
45403036
45402981
45381688
45381599
45381558
45381416
45381132
45381100
45380970
45380934
45380879
45380835
45380825
45380712
45380703
45380531
45380365
45380357
45380329
45380319
45380280
45380278
45380256
45376754
45372402
45371138
45370537
45361553
45360974
45357793
45353771
45343133
45341204
45340933
45339354
45334930
45327478
45327436
45326286
45320585
45320528
45319286
45317963
45317904
45317840
45317751
45317707
45317653
45317556
45317474
45316607
45316566
45316435
45316129
45315779
45315703
45314497
45302722
45301734
45301409
45301391
45301376
45301364
45301360
45301347
45301296
45301283
45301267
45301256
45301242
45301236
45301224
45301213
45301199
45301187
45301176
45301116
45301099
45301081
45301067
45301012
45301005
45300959
45300950
45300942
45300925
45300913
45300906
45300894
45300873
45300866
45300856
45300842
45300825
45300817
45300809
45300806
45300790
45300780
45300772
45300760
45300754
45300732
45293939
45293526
45293278
45292754
45292728
45292694
45292658
45292583
45292559
45292506
45290312
45289367
45287111
45287076
45287040
45287033
45286929
45286911
45286850
45286724
45286707
45286695
45286625
45286621
45286545
45286501
45286395
45286392
45286359
45286311
45286253
45286246
45286127
45286123
45285325
45276090
45275279
45273907
45269196
45268204
45267293
45267197
45265690
45265187
45262541
45260816
45260794
45260795
45260783
45260773
45260765
45260753
45260722
45260723
45260707
45260704
45260691
45260643
45258890
45254704
45254493
45254446
45254411
45254335
45254013
45249143
45241864
45241367
45240945
45240822
45240784
45240751
45240724
45240631
45240418
45240324
45240040
45239754
45238063
45237993
45237704
45237681
45237629
45237608
45237445
45237435
45237149
45236356
45236256
45235738
45235713
45235674
45235592
45235409
45235204
45235115
45235002
45234914
45234834
45234703
45234608
45233828
45233767
45233596
45232867
45231366
45231299
45230981
45230284
45230131
45229881
45229788
45229530
45228322
45226200
45223757
45221466
45220388
45218523
45217229
45214906
45214880
45214636
45214041
45213662
45213491
45211731
45211267
45210499
45208837
45208597
45208285
45208190
45208032
45207520
45207427
45205690
45205596
45205423
45205313
45204451
45204101
45203114
45201956
45201480
45200891
45196610
45195821
45193711
45193183
45192647
45191381
45190998
45189900
45187780
45187150
45184540
45184493
45184307
45184087
45183131
45182946
45182445
45182278
45182202
45181572
45181263
45180757
45180321
45179075
45177726
45177288
45176961
45174217
45173531
45173178
45172550
45172489
45172033
45171958
45171957
45171609
45171467
45171423
45170703
45169369
45169127
45168248
45164692
45164223
45158509
