46686694
46673956
46672170
46671613
46660874
46655460
46655416
46655368
46655325
46654954
46650266
46650059
46649794
46648168
46648112
46640487
46640476
46637940
46634766
46634362
46633595
46633385
46633159
46632839
46631801
46631574
46625032
46624456
46607287
46607117
46607050
46606643
46606156
46601820
46601615
46592128
46591813
46591548
46590984
46590472
46590406
46587766
46556900
46556635
46555928
46554955
46553812
46552613
46552490
46552128
46551938
46551239
46551185
46551147
46551146
46551055
46550923
46550811
46550690
46550653
46549500
46548970
46548833
46548702
46548682
46548123
46547334
46547193
46546989
46546931
46546408
46546246
46544227
46538078
46535422
46535307
46535156
46534800
46534660
46534525
46534480
46534286
46534277
46534134
46534127
46534050
46533976
46533798
46533460
46532944
46530446
46527591
46525682
46523237
46522918
46522389
46509220
46508318
46506235
46505603
46503040
46501533
46501472
46501428
46501095
46501055
46501023
46500987
46500946
46500320
46500221
46500175
46500135
46500071
46500031
46499978
46499979
46489947
46488764
46488734
46488461
46488387
46488287
46488236
46488128
46487866
46487695
46486518
46486441
46486274
46486043
46485979
46485879
46485763
46484625
46482829
46482538
46482409
46482294
46477950
46476395
46476340
46476234
46476176
46476114
46466964
46466819
46466626
46466519
46466430
46466344
46466158
46461699
46456185
46453260
46452456
46452162
46451850
46451333
46451084
46450750
46450459
46450071
46449430
46445538
46445301
46445263
46445021
46444966
46444910
46444827
46441578
46441540
46428848
46428534
46425199
46421590
46414545
46409565
46404973
46404532
46395780
46393089
46392688
46391976
46391832
46391531
46387112
46380871
46380801
46380759
46379937
46365115
46363134
46356939
46355939
46355815
46355632
46353542
46353338
46353012
46352719
46351135
46351007
46350701
46350644
46350088
46344917
46344632
46343363
46343013
46335819
46317056
46314744
46312249
46305002
46302299
46297468
46284657
46284485
46284404
46284271
46284194
46278845
46278610
46278497
46277617
46276559
46275965
46275727
46275613
46275443
46275374
46275340
46275130
46275060
46274829
46274669
46273877
46273801
46273686
46273112
46272848
46272560
46272494
46272289
46272147
46272012
46271937
46271770
46268091
46256549
46256351
46255306
46254770
46254541
46254447
46254231
46253454
46253366
46253296
46253136
46252907
46251989
46251565
46251494
46251020
46250984
46250889
46249666
46245962
46241064
46240888
46240589
46240432
46239968
46239391
46238017
46237744
46234474
46234046
46231236
46226139
46225704
46224549
46224049
46218415
46218085
46217840
46217736
46217466
46217385
46217296
46217202
46217033
46216847
46216653
46212181
46209508
46209075
46208345
46207823
46206301
46206100
46205703
46205631
46204722
46204622
46204327
46204167
46199197
46195545
46195519
46195479
46195453
46195436
46195419
46195374
46195347
46195317
46195285
46195398
46195247
46195220
46195162
46195119
46195083
46195019
46194988
46194968
46194947
46194932
46194914
46194899
46194885
46194781
46194748
46194723
46194692
46194671
46194644
46194620
46194616
46194606
46194569
46194563
46194552
46194541
46194536
46194507
46194499
46194592
46194481
46194467
46194450
46194449
46194439
46194427
46194397
46194379
46194350
46194324
46194297
46194278
46194270
46194264
46194261
46194253
46194246
46194240
46194233
46194228
46194219
46194213
46194208
46194202
46193891
46193829
46193820
46193541
46193499
46193451
46192919
46192798
46192783
46192778
46192765
46192755
46192751
46192745
46192732
46192435
46192431
46191646
46191612
46191680
46191569
46191539
46191494
46191446
46191415
46191374
46191326
46191308
46191284
46191253
46191156
46191126
46191014
46190954
46190920
46190887
46190834
46190759
46190713
46190803
46190658
46190628
46190602
46190576
46190523
46190511
46190475
46190435
46190419
46190366
46190349
46190248
46190204
46177188
46174830
46169268
46169017
46168781
46168410
46168344
46168287
46168271
46168257
46168249
46168237
46168219
46168208
46168192
46168182
46168172
46168155
46168151
46168102
46168090
46168078
46168059
46168012
46168000
46167988
46167935
46167923
46167917
46167907
46167724
46167558
46167311
46167242
46166823
46166804
46166791
46166792
46166747
46166720
46166702
46166690
46166684
46166674
46166660
46166654
46166644
46166628
46166616
46166593
46166574
46166557
46166544
46166534
46166509
46166495
46166480
46166466
46166451
46166448
46166386
46166376
46166361
46166345
46166327
46166313
46166305
46166286
46166273
46166259
46166201
46166178
46165986
46165880
46165781
46165431
46165400
46165333
46165290
46164653
46164484
46164410
46164300
46161682
46161395
46161381
46161298
46161164
46161102
46160683
46160244
46160160
46159839
46159776
46159543
46159341
46159429
46159309
46159075
46158942
46158652
46158532
46157728
46155497
46155434
46147750
46147258
46144798
46144562
46143500
46140178
46139218
46138532
46138394
46136469
46136450
46136422
46136398
46136362
46136326
46136283
46136265
46136235
46136221
46136184
46136162
46136137
46136112
46136079
46136056
46135987
46131660
46131391
46129514
46129481
46129439
46129230
46129231
46129181
46128234
46126686
46126326
46125741
46124846
46124698
46124643
46124744
46124582
46124527
46124491
46124452
46124362
46124290
46123655
46118612
46118514
46118488
46118468
46118440
46118402
46118366
46118246
46118160
46118134
46117934
46117923
46117885
46117851
46117814
46117798
46117768
46117754
46117732
46117638
46117602
46117556
46117160
46117042
46117023
46116954
46116930
46116873
46116852
46116829
46116799
46116660
46116628
46116603
46116586
46116569
46116319
46113713
46113603
46113492
46113417
46113318
46113196
46113082
46111384
46111358
46111316
46111287
46111249
46111236
46111208
46111190
46111161
46111146
46111137
46111114
46111094
46111075
46111061
46111037
46111018
46110926
46110864
46110829
46110812
46110767
46110735
46110719
46110695
46110657
46110633
46110608
46094627
46094608
46094578
46094555
46094528
46094505
46094490
46094466
46094442
46094417
46094398
46094374
46094352
46094331
46094283
46094264
46094237
46094220
46094203
46094190
46094169
46094151
46094126
46094100
46094080
46094058
46094041
46094010
46093973
46093956
46093714
46093672
46093643
46093619
46093602
46093574
46093335
46093297
46093276
46093245
46093215
46093184
46093152
46093000
46090281
46090020
46087605
46087350
46086644
46084161
46082965
46082831
46080889
46078036
46077889
46077865
46077832
46076742
46075899
46075823
46075774
46073431
46073263
46073245
46073231
46073095
46073053
46073020
46072992
46072967
46072950
46072935
46072917
46072897
46072880
46072851
46072823
46072805
46072782
46072774
46072764
46072735
46072718
46072702
46072690
46072675
46072287
46072251
46072246
46072232
46072220
46072209
46072192
46072172
46072147
46072115
46072103
46072091
46072069
46072002
46071974
46071956
46071939
46071929
46071903
46071772
46071756
46071697
46071671
46071662
46071650
46071621
46071590
46071569
46071551
46071537
46071524
46071509
46071474
46071461
46071443
46071429
46071422
46071409
46071401
46071386
46071376
46071359
46071350
46071340
46071316
46071137
46070414
46070383
46070346
46070319
46070142
46070002
46069947
46069913
46069892
46061578
46049247
46049227
46049213
46049191
46049171
46049150
46049113
46049092
46049068
46049044
46049014
46048976
46048943
46048932
46048914
46048888
46048859
46048835
46048791
46048764
46048731
46048697
46048667
46048635
46048602
46048548
46048510
46048470
46048440
46048402
46048362
46048331
46048280
46048242
46048211
46048164
46048125
46048108
46048097
46048065
46048022
46047979
46047721
46047423
46047399
46047393
46047364
46047313
46047289
46047260
46047225
46047165
46047117
46047084
46047044
46047013
46046880
46046858
46046830
46046796
46046770
46046517
46046507
46046478
46046452
46046398
46046366
46046334
46046309
46046277
46046272
46046239
46046193
46046174
46046156
46046120
46046096
46046062
46046034
46046021
46045973
46045951
46045933
46045924
46045928
46045902
46045868
46045857
46045836
46045816
46045806
46045795
46045770
46045721
46045691
46043017
46042899
46042809
46042474
46042152
46040995
46040360
46040241
46039840
46039561
46039269
46037275
46035859
46035747
46035517
46035398
46034884
46034882
46034774
46034720
46034548
46034327
46034289
46034226
46034160
46034036
46033975
46033843
46033793
46033788
46033231
46033139
46033011
46032915
46032795
46032676
46029911
46029627
46029293
46027432
46026030
46024475
46023153
46022127
46021509
46020545
46020301
46019752
46019676
46018939
46018941
46018881
46018007
46017821
46017810
46017733
46017656
46017599
46017558
46017509
46017443
46017382
46017110
46017058
46016888
46016818
46016761
46016702
46016610
46016594
46016578
46016568
46016556
46016551
46016546
46016544
46016542
46016539
46016134
46016124
46016111
46016105
46016079
46016070
46016091
46015867
46015864
46015695
46015530
46015455
46015447
46015434
46015426
46015413
46015404
46015394
46015384
46015378
46015372
46015365
46015351
46015333
46015323
46015313
46014980
46014947
46014904
46014862
46014836
46014792
46014786
46014779
46014771
46014765
46014759
46014750
46014745
46014725
46014738
46014721
46014621
46014590
46014538
46014495
46014462
46014257
46014222
46014152
46014062
46014050
46013711
46013589
46011519
46010712
46010487
46010351
46010113
46010100
46009731
46006492
46006125
46006049
46005478
46005204
46005119
46005046
46004895
46004752
46004601
46004546
46004228
46004129
46004073
46004005
46003925
46003874
46003749
46003707
46003611
46003567
46003523
46003391
46000663
46000659
46000586
45998782
45998623
45997980
45997549
45997402
45997398
45997370
45997300
45997266
45997224
45997209
45997050
45997027
45996955
45996907
45996772
45996659
45996537
45995934
45995769
45995654
45995584
45995516
45995455
45995387
45995248
45995196
45995137
45995032
45994953
45993249
45992320
45991922
45991851
45991790
45990019
45989538
45989387
45989242
45988775
45988628
45987774
45987750
45987522
45987438
45987391
45987115
45987113
45986897
45986876
45986510
45986378
45986371
45986328
45986308
45986203
45986109
45985980
45985895
45985782
45985487
45984045
45983259
45983161
45982346
45981645
45980828
45980755
45980247
45979645
45979599
45979387
45979200
45979118
45979002
45978639
45978576
45978549
45978520
45978092
45978062
45977987
45977974
45977683
45977653
45977529
45977037
45976991
45976980
45976857
45976798
45976579
45976450
45976445
45976214
45976114
45976046
45976010
45975968
45975916
45975907
45975862
45975823
45975795
45975755
45975742
45975724
45975716
45975711
45975636
45975623
45975577
45975550
45975500
45975492
45975414
45975381
45975357
45975354
45975326
45975234
45975208
45974982
45974935
45974811
45974800
45974701
45974607
45974436
45974334
