47252701
47252662
47252622
47252596
47252553
47252497
47246824
47246415
47245567
47245559
47245042
47242075
47240973
47237895
47227885
47227532
47226760
47226581
47210348
47205369
47183214
47182445
47180680
47176204
47175329
47175052
47175005
47168083
47160399
47160266
47158960
47158554
47158383
47157043
47148150
47147945
47146253
47144927
47142693
47141743
47139490
47138681
47138418
47138382
47138158
47138035
47137984
47137939
47137720
47137484
47137335
47136445
47131970
47130546
47126974
47126666
47126380
47125758
47123823
47122912
47122879
47122827
47120884
47120746
47118306
47117863
47117763
47117489
47117405
47117223
47116762
47116514
47116248
47109682
47107374
47107362
47107094
47106276
47106193
47105669
47105577
47105567
47105126
47105088
47105028
47104978
47104955
47104951
47104920
47104906
47104902
47104894
47104878
47104832
47104829
47104822
47104821
47104818
47104807
47104778
47104770
47104765
47104742
47104735
47104363
47104355
47104284
47104278
47104274
47104269
47104215
47104208
47104204
47104202
47104167
47104150
47104139
47104091
47104093
47104050
47104044
47104042
47104036
47103985
47103977
47103961
47103950
47103923
47103815
47103792
47103785
47103608
47102872
47102815
47102740
47102706
47102647
47102613
47102538
47102493
47102445
47102406
47102318
47102275
47102239
47102205
47102166
47102122
47102058
47101985
47101940
47101896
47101853
47101807
47101773
47101752
47101731
47101698
47101628
47101592
47101546
47101481
47101410
47101322
47101257
47101176
47101041
47100978
47100925
47100883
47100864
47100431
47100397
47100258
47100187
47100098
47100060
47100006
47099898
47099825
47099731
47099557
47099443
47099336
47099205
47099076
47099021
47098975
47098888
47098810
47098790
47098720
47098595
47098539
47098477
47098379
47098310
47098267
47096485
47096328
47095096
47094722
47094048
47083105
47078003
47077923
47077841
47077737
47077580
47077512
47077174
47076992
47066911
47066767
47061364
47060961
47060815
47052539
47041336
47041330
47041321
47041294
47041233
47041219
47041191
47041181
47041150
47041135
47041120
47041114
47041050
47041001
47040964
47040956
47036896
47029105
47028947
47028845
47028813
47028783
47028778
47028707
47028638
47028601
47028534
47028463
47028434
47028354
47028278
47028237
47028228
47028164
47028093
47028031
47027987
47027947
47027837
47027661
47027612
47027448
47027390
47027338
47027222
47027129
47027003
47026879
47026835
47026603
47026447
47026352
47026219
47025135
47024776
47024306
47023606
47023154
47022745
47022369
47019918
47018882
47018830
47018067
47017567
47015832
47015156
47014323
47013406
47013207
47012988
47012851
47010810
47009578
47001666
47001587
47001426
47000209
46995589
46994866
46988910
46975913
46974378
46974319
46974281
46974279
46974170
46974138
46974106
46974094
46974089
46974082
46974048
46974038
46974028
46973991
46973980
46973975
46973955
46973948
46973938
46973762
46973742
46973734
46973726
46973695
46973670
46973652
46973630
46973624
46973616
46973610
46973575
46973540
46973469
46973436
46971504
46971426
46969993
46969790
46969518
46969464
46967305
46966697
46964954
46964925
46964880
46964853
46964841
46963765
46959940
46959846
46959536
46959067
46959026
46959007
46958977
46958944
46958922
46958901
46958877
46958853
46958838
46958800
46958773
46958756
46958735
46958715
46958700
46958677
46958659
46958613
46958548
46958417
46958386
46958374
46957997
46957919
46957669
46957549
46957439
46957225
46956899
46956862
46956821
46956627
46956439
46956382
46956351
46956230
46956152
46956121
46955778
46955722
46955507
46955384
46955325
46955288
46955260
46955216
46955182
46955162
46955127
46955088
46954879
46954842
46954831
46954756
46954693
46954668
46954555
46954519
46954396
46953923
46950930
46950883
46950842
46950818
46950780
46950749
46946350
46946116
46945885
46945482
46945471
46945466
46944935
46944830
46944709
46944667
46942798
46942674
46942543
46942488
46928427
46928251
46926303
46923267
46922960
46922455
46921973
46921947
46921782
46921579
46921215
46920406
46919949
46919875
46919767
46919604
46919248
46919226
46918992
46918923
46918656
46915407
46911384
46908352
46908130
46907857
46903954
46903553
46903245
46902839
46902575
46902504
46902421
46902289
46902201
46902035
46902031
46902010
46901899
46901779
46901517
46901283
46900910
46900037
46899614
46899208
46898609
46898460
46897530
46897291
46897238
46896372
46895979
46895702
46895479
46895472
46895374
46895040
46894737
46894491
46894442
46894354
46894160
46894099
46893976
46893469
46893441
46893328
46893240
46893120
46893085
46893018
46892984
46892858
46892790
46892253
46892177
46892140
46891933
46891910
46891870
46890559
46890301
46889949
46889793
46888797
46888535
46888227
46887508
46886814
46886795
46886672
46886627
46886122
46885939
46885811
46885398
46885069
46884841
46884779
46884507
46884477
46884445
46884446
46884384
46884241
46884033
46883435
46883089
46881693
46881679
46881674
46881640
46881605
46881582
46881579
46881574
46881572
46881557
46881549
46881548
46881530
46881496
46881492
46881485
46881480
46881458
46881451
46881449
46881431
46881415
46881412
46881411
46881396
46881390
46881380
46881378
46881369
46881351
46881350
46881346
46881328
46881294
46881279
46881267
46881263
46881244
46881236
46881214
46881208
46881209
46881204
46881199
46881164
46881152
46881137
46881132
46881120
46881099
46881090
46881065
46881049
46881032
46881009
46881011
46880996
46880979
46880923
46880921
46880913
46880886
46880882
46880872
46880865
46880846
46880835
46880765
46880767
46880761
46880755
46880716
46880695
46880671
46880528
46880460
46880455
46880448
46880441
46880437
46880425
46880390
46880387
46880348
46880346
46880323
46880320
46880258
46880252
46880239
46880220
46880217
46880210
46880179
46880155
46880138
46880139
46880127
46880105
46880101
46880086
46880069
46880041
46880042
46880034
46880004
46880006
46879996
46879966
46879933
46879905
46879857
46879841
46879819
46879797
46879794
46879773
46879770
46879741
46879732
46879727
46878931
46878708
46878308
46878131
46877961
46877625
46877192
46876556
46876363
46875532
46875228
46875044
46874938
46874744
46874349
46874272
46873725
46873576
46870840
46869466
46869354
46869291
46869219
46869204
46869025
46867489
46867230
46866877
46866695
46865733
46865684
46865432
46865429
46865419
46865408
46865306
46865301
46865274
46865258
46864820
46864748
46864217
46864191
46864156
46864082
46864008
46863966
46863924
46863755
46863738
46863722
46863701
46863652
46863616
46863593
46863461
46863305
46863179
46863023
46863011
46862898
46862832
46862710
46862669
46862560
46862450
46862413
46862297
46862289
46862089
46862026
46861972
46861914
46861095
46861084
46861075
46860709
46860657
46860037
46859880
46859804
46859536
46858599
46858190
46857988
46857723
46857541
46857310
46857249
46856946
46855906
46855886
46855661
46855248
46855000
46854962
46854866
46854767
46854712
46854687
46854498
46854279
46854198
46854129
46854026
46853559
46853200
46852970
46852967
46852692
46852619
46852564
46852528
46852513
46852458
46852414
46852362
46852304
46852285
46852262
46852201
46852136
46851954
46851541
46851388
46851345
46851282
46851192
46851059
46851008
46850989
46850942
46850922
46850837
46850803
46850707
46850706
46850689
46850669
46850664
46850652
46850633
46850628
46850609
46850583
46850576
46850326
46850205
46850185
46850168
46850164
46850070
46849934
46849711
46849682
46849523
46849502
46849409
46849385
46849354
46849318
46849294
46849259
46849232
46849205
46849173
46848853
46848810
46848769
46848523
46846273
46846052
46845861
46845651
46845602
46845461
46845379
46845252
46845200
46845034
46844892
46844523
46844476
46844328
46844285
46844249
46844204
46844134
46844073
46844033
46843878
46843770
46843707
46843619
46843593
46843445
46843372
46843338
46843290
46843224
46843172
46843136
46843097
46842977
46842895
46842299
46842192
46842083
46842035
46841951
46841865
46841797
46841688
46841636
46841591
46841549
46841518
46841470
46841395
46841349
46841336
46841248
