48401116
48400986
48389570
48380185
48380121
48380042
48379972
48379849
48379846
48379803
48379563
48379433
48379383
48379069
48378955
48378906
48378884
48378704
48378560
48378360
48378336
48378212
48377985
48377889
48377832
48377793
48377731
48377722
48377685
48377645
48377550
48377508
48377448
48377405
48377307
48377294
48377149
48377085
48377007
48376954
48376752
48376595
48376531
48376503
48376462
48376402
48376367
48376236
48376124
48375606
48375576
48375043
48374944
48374935
48374788
48374755
48373804
48373754
48373723
48373678
48373659
48373615
48373494
48373468
48373434
48373414
48373349
48373280
48373222
48373201
48373175
48373105
48373088
48373010
48372805
48372737
48372661
48372628
48372606
48372590
48372513
48372271
48372229
48372163
48372109
48372053
48372016
48371991
48371947
48371926
48371903
48371885
48371833
48371756
48371668
48371580
48371549
48371517
48371275
48371251
48371217
48371173
48371151
48371136
48371113
48371063
48371031
48371014
48370966
48370912
48370865
48370840
48370819
48370780
48370764
48370746
48370732
48370626
48370526
48370497
48370128
48370066
48370005
48365696
48365633
48365575
48365417
48365317
48365268
48365160
48365054
48364982
48364836
48364277
48364246
48364231
48364195
48364157
48364114
48363956
48362213
48362147
48362082
48361995
48361917
48361905
48361552
48361439
48361321
48361285
48361007
48360975
48360950
48360907
48360882
48360680
48360647
48360628
48360542
48360529
48360496
48360469
48360425
48360380
48360365
48360320
48360274
48360234
48360180
48360154
48360126
48360054
48360030
48359999
48359666
48359631
48359514
48359494
48359462
48359346
48359327
48359308
48359232
48359195
48359172
48359154
48359124
48359104
48359046
48358984
48358950
48358916
48358891
48358831
48358826
48358797
48358765
48358702
48358599
48358575
48358518
48358498
48358469
48358443
48358394
48358377
48358129
48357699
48357009
48356955
48356835
48354717
48352233
48352063
48352003
48351970
48351962
48351860
48351833
48351755
48351724
48351661
48351593
48351547
48351520
48351465
48350990
48350981
48350970
48350955
48350944
48350924
48350910
48350902
48350185
48350173
48350160
48350146
48350135
48350125
48350099
48350091
48350085
48350079
48350067
48350059
48349090
48349067
48349053
48349035
48349028
48349013
48348999
48348991
48347630
48347619
48347614
48347607
48347601
48347592
48347583
48347577
48347494
48347420
48347321
48347273
48347259
48347236
48347233
48347224
48347212
48347195
48347177
48347161
48347141
48347121
48347100
48347066
48347030
48347007
48346981
48346965
48346947
48346694
48346690
48346673
48346666
48346661
48346639
48346620
48346601
48346581
48346567
48346562
48346544
48346535
48346518
48346474
48346462
48346431
48346430
48346424
48346412
48346402
48346399
48346395
48346386
48346375
48346372
48346347
48346329
48346305
48346278
48346249
48346233
48346203
48346180
48346087
48346066
48346045
48346026
48346006
48345987
48345897
48345891
48345883
48345859
48345849
48345841
48345659
48345647
48345632
48345619
48345603
48344481
48344414
48344385
48344353
48344314
48344296
48343824
48343660
48343594
48343326
48343147
48343043
48333663
48333605
48333503
48326730
48326570
48326521
48326453
48326419
48326393
48326360
48326341
48326291
48326266
48326215
48326169
48326129
48326063
48325828
48325774
48325736
48325713
48325683
48325650
48325601
48325552
48325430
48325400
48325344
48325271
48325243
48318777
48318079
48317915
48317844
48317786
48317529
48317444
48317379
48317339
48316886
48316813
48316747
48316691
48316632
48316576
48316533
48316498
48316443
48316405
48316357
48316192
48316138
48316101
48315902
48315845
48315815
48315785
48315770
48315727
48315702
48315679
48315656
48315615
48315569
48315529
48315477
48315451
48303527
48300078
48298468
48297225
48263475
48263421
48260741
48260323
48260213
48260187
48260116
48260107
48259937
48259895
48259839
48259775
48259494
48259391
48259295
48259120
48258852
48258841
48258747
48258663
48258625
48258552
48258349
48258323
48258233
48258169
48258118
48258076
48257995
48257942
48257770
48257688
48257620
48257449
48257385
48257308
48257202
48257052
48256983
48256888
48256745
48256693
48256610
48256572
48256537
48256400
48256333
48256213
48256167
48256125
48256069
48255996
48255271
48255207
48255099
48254922
48254792
48254731
48254692
48254599
48254596
48254433
48254382
48252987
48252945
48252917
48252887
48252847
48252778
48252665
48252612
48252519
48252448
48252343
48252290
48252181
48252039
48251975
48251919
48251698
48251594
48251554
48251484
48251414
48251280
48251091
48250883
48250843
48250732
48250697
48250448
48250167
48250113
48250014
48249871
48249820
48249755
48249658
48249456
48249407
48249329
48249167
48249087
48248785
48247205
48247149
48246991
48246927
48246806
48246732
48245747
48239725
48237606
48237596
48237581
48237422
48237407
48237390
48237365
48236852
48236473
48236446
48235798
48235384
48235291
48235081
48235043
48234998
48234889
48234843
48233526
48232062
48230638
48230054
48230003
48229668
48229621
48227276
48227112
48227017
48226955
48226699
48226554
48222563
48222477
48222431
48222398
48222084
48221998
48221932
48221791
48221770
48221659
48221591
48221553
48221495
48221414
48221354
48221301
48221116
48221084
48221064
48220987
48220865
48220799
48220771
48220195
48220159
48220004
48219952
48219898
48219846
48219806
48219705
48219650
48219591
48219500
48219303
48219227
48219041
48218967
48218770
48218713
48218645
48218510
48218424
48218350
48218273
48218216
48218127
48218059
48217979
48217942
48217851
48217775
48217631
48217288
48217133
48216984
48216949
48216751
48216672
48216414
48216343
48215655
48215579
48215543
48214936
48214916
48214893
48214851
48214745
48214728
48214643
48214598
48214398
48214363
48214307
48214242
48214230
48214196
48213972
48213894
48213801
48213751
48213703
48213667
48213621
48213596
48213581
48213554
48213499
48213384
48213325
48213285
48213196
48213180
48213130
48213053
48212927
48212841
48212551
48212346
48212164
48212015
48208547
48208300
48207963
48207517
48206409
48197832
48191459
48191417
48191362
48191219
48191147
48191005
48190839
48190714
48190677
48190625
48190495
48190417
48190376
48190120
48190061
48190004
48188910
48188834
48182210
48182104
48182065
48181956
48147250
48145264
48144739
48144156
48138299
48138218
48138183
48138161
48138109
48138059
48137988
48137847
48137599
48137493
48137430
48137425
48137204
48136305
48136248
48135948
48135661
48135469
48135236
48135180
48135124
48130875
48130787
48130681
48130626
48130465
48130427
48129761
48129680
48122722
48122615
48122581
48122522
48122469
48122436
48122411
48122389
48122365
48122353
48122283
48122268
48122202
48122162
48122112
48122040
48122036
48121987
48121897
48121851
48121786
48121757
48121698
48121660
48121655
48121602
48121592
48121535
48121405
48121383
48121236
48121185
48121085
48120977
48120839
48120837
48120791
48120750
48120718
48120617
48120499
48120394
48120323
48120072
48119928
48119854
48119766
48119684
48119584
48119527
48119379
48119209
48119145
48119101
48119086
48119006
48118972
48118914
48118831
48118829
48118779
48118736
48118611
48118529
48118510
48118443
48118349
48118303
48118265
48118250
48118216
48118174
48118138
48118092
48118040
48118012
48117918
48117761
48117229
48117163
48117105
48117065
48116926
48116669
48115259
48114744
48114435
48114415
48114087
48113934
48113821
48113720
48113650
48113530
48113498
48106252
48106199
48106191
48105680
48097689
48097526
48079916
48079781
48079520
48079434
48079213
48079158
48079048
48078954
48078894
48078825
48078759
48058765
48058754
48058738
48058722
48058712
48058695
48057296
48057123
48057109
48057094
48057067
48057046
48057031
48057017
48056994
48056946
48056915
48056901
48056723
48056711
48056699
48056557
48056544
48056534
48056521
48056511
48056272
48056258
48056243
48056225
48056205
48056166
48040165
48039792
48039785
48038523
48038485
48038466
48038443
48038416
48038385
48038359
48019355
48019341
48019004
48019005
48018998
48018990
48018981
48018969
48018971
48018961
48018954
48018732
48018721
48018711
48018701
48018695
48018677
48018659
48018636
48018631
48018617
48018492
48018490
48018476
48018456
48018441
48018356
48018346
48018339
48018324
48018290
48018213
48018197
48018183
48018156
48018142
48018076
48018064
48018052
48018037
48018035
48018031
48018015
48017981
48017970
48017950
48017931
48017927
48017902
48017906
48017895
48017872
48017851
48017833
48017821
48017807
48017788
48017706
48017705
48017689
48017684
48017666
48017648
48017638
48017625
48017611
48017587
48017569
48017490
48017479
48017463
48017456
48017451
48017297
48017293
48017276
48017252
48017232
48017213
48017204
48017184
48017172
48017163
48017157
48017020
48016998
48016992
48016979
48016962
48016940
48016932
48016922
48016917
48016905
48016900
48016884
48016876
48016869
48016866
48016857
48016854
48016842
48016837
48016815
48016810
48016802
48016799
48016785
48016773
48016776
48016767
48016760
48016750
48016742
48016731
48016727
48016709
48016705
48016695
48016667
48016645
48016617
48016593
48016558
48016531
48016507
48015664
48015537
48015526
48015501
48015493
48015481
48015472
48015456
48015451
48015419
48015407
48015332
48015329
48015315
48015297
48015279
48015267
48015261
48015125
48015092
48015087
48015067
48015060
48015056
48015049
48015027
48015035
48015015
48015011
48015005
48014999
48014982
48014977
48014968
48014959
48014932
48014925
48014917
48014913
48014901
48014857
48014848
48014839
48014830
48014821
48014822
48014819
48014793
48014781
48014766
48014754
48014712
48014482
48014475
48014388
48014228
48014144
48014110
48014015
48014005
48013994
48013984
48013889
48013804
48013777
48013178
48013010
48012735
48012656
48012495
48010119
48010090
48010040
48010020
48010018
48009996
48009956
48009929
48009901
48009877
48009853
48009817
48009790
48009763
48009740
48009609
48009383
48008420
48008397
48008372
48008343
48008283
48008210
48008177
48008147
48008132
48008095
48006482
48006457
48006434
48006421
48006387
48006359
48006331
48006305
48006104
48005998
48005894
48005807
48005780
48005748
48005727
48005346
48005305
48005174
48005146
48005099
48005077
48005055
48004726
48004627
48004514
48004242
48004008
48003910
48003783
48003430
48003348
48003280
48003134
48002836
48002638
48002409
48002343
48002180
48001995
48001836
48000584
48000306
48000005
47994126
47993710
47991868
47991744
47991032
47991014
47990973
47984912
47983077
47983041
47982986
47982953
47982919
47981964
47981853
47981810
47981310
47981246
47981141
47980978
47979759
47979256
47978898
47978802
47974029
47972907
47972600
47972595
47972214
47971472
47967074
47966695
47964710
47964502
47964248
47964003
47963320
47963164
47962318
47962197
47962047
47961949
47961797
47961670
47961541
47961418
47961311
47961121
47960940
47960715
47960604
47960430
47960320
47960222
47960161
47959712
47959513
47959340
47959082
47957152
47957057
47956989
47956848
47956580
47956518
47956402
47956357
47956279
47956178
47956080
47955969
47926364
47926139
47924096
47920422
47918937
47914556
47903882
47902240
47902169
47901953
47901942
47892507
47888251
47888108
47888076
47888050
47888016
47887387
47887177
47885499
47885462
47885412
47885360
47885314
47885220
47885181
47885120
47885077
47884978
47884820
47884742
47884694
47884638
47884592
47884541
47883768
47878890
47878451
47878308
47877561
47877481
47877175
47877092
47876657
47876572
47876549
47876521
47876148
47875983
47875853
47875174
47874762
47874224
47873472
47872982
47872663
47872587
47870435
47868107
47867183
47867129
47867034
47866959
47866911
47866789
47866741
47866672
47866498
47866403
47866325
47866223
47866112
47866035
47865937
47865830
47865713
47865644
47865569
47865451
47865375
47865307
47865207
47865066
47865005
47864892
47864710
47864554
47864433
47864346
47864103
47864017
47862731
47862300
47862222
47862148
47862057
47861963
47861788
47861673
47861529
47861260
47861030
47860878
47860519
47860365
47860048
47859950
47859438
47859282
47859175
47859091
47858928
47858828
47858615
47858439
47858370
47858299
47858105
47857978
47857909
47857836
47857760
47857546
47857462
47857397
47857314
47857167
47857108
47857023
47856877
47856719
47856622
47856487
47856408
47856326
47856264
47856099
47856040
47855983
47855958
47855888
47855762
47855503
47855369
47855298
47853686
47853530
47853486
47853436
47853350
47853285
47853066
47852980
47852886
47852695
47850662
47850629
47850569
47850391
47850337
47850251
47840316
47839925
47839498
47839455
47839401
47839324
47838285
47838194
47837557
47837312
47837219
47837104
47836934
47836628
47836614
47836583
47836548
47836513
47836363
47834706
47834691
47834653
47834616
47834501
47834423
47834290
47834162
47834025
47827796
47827578
47823134
47822887
47822829
47822741
47822660
47822603
47822507
47822449
47822396
47822339
47822272
47822216
47822141
47822098
47822033
47821962
47821912
47821855
47821816
47821765
47821709
47821659
47821608
47821555
47821501
47821459
47820174
47816649
47816611
47816440
47816214
47815327
47815278
47814971
47814918
47814868
47814767
47814707
47814649
47814597
47814159
47814146
47814129
47814094
47814043
47814023
47811611
47805853
47801863
47801569
47801074
47800937
47800637
47798973
47798569
47796386
47794714
47794391
47794352
47794317
47794273
47793258
47793224
47793193
47793172
47793143
47793118
47793095
47793058
47793006
47792821
47792183
47791824
47782868
47782768
47782755
47782499
47782471
47782311
47781234
47776966
47776960
47776952
47776950
47776946
47776944
47776937
47776932
47776927
47776922
47776919
47776916
47776911
47776907
47776891
47776878
47776875
47776862
47776856
47776852
47776847
47776843
47776839
47763020
47750582
47749249
47747587
47739656
47739444
47739307
47739178
47739093
47739005
47738916
47738846
47738744
47738607
47738533
47738271
47738044
47737767
47737705
47737677
47737637
47737267
47737238
47737186
47734381
47734285
47734245
47734222
47734192
47734137
47734097
47734051
47734037
47734010
47733962
47733875
47733845
47733802
47733773
47733770
47733703
47733648
47733570
47733505
47733161
47733138
47733055
47733033
47733008
47732982
47732964
47732956
47732928
47732903
47732883
47732874
47732838
47732693
47732578
47732499
47732464
47732440
47732425
47732381
47732379
47732345
47732319
47732297
47732289
47732264
47732249
47732244
47732124
47731998
47731938
47731912
47731911
47731885
47731828
47731796
47731734
47731417
47731352
47731281
47731214
47731010
47730795
47730726
47730622
47730379
47730181
47729674
47729581
47729511
47729414
47729021
47728896
47728871
47728803
47728700
47728467
47728379
47728299
47728267
47728199
47728055
47727903
47727831
47727760
47727694
47727529
47727497
47727461
47727418
47727374
47727334
47727309
47727159
47726929
47726900
47726842
47726818
47726791
47726793
47726753
47726734
47726710
47726685
47726660
47726618
47726586
47726569
47726554
47726521
47726503
47726462
47726440
47726242
47726057
47725884
47725732
47725678
47725621
47725594
47725580
47725557
47725532
47725499
47725483
47725476
47725455
47725429
47725401
47725384
47725367
47725308
47725138
47725049
47724843
47724703
47724450
47724439
47724415
47724393
47724378
47724352
47724335
47724318
47724289
47724254
47724219
47724168
47723693
47723675
47723640
47723588
47723555
47723509
47723484
47723453
47723426
47723381
47723356
47723331
47723305
47723280
47723256
47722534
47722512
47722483
47722461
47719535
47719489
47719470
47719442
47719418
47719397
47719381
47719354
47719318
47719297
47719279
47719257
47718806
47718661
47718634
47718605
47718290
47718259
47718238
47718214
47718190
47718164
47718112
47718082
47718052
47718026
47717876
47717851
47717817
47717793
47717768
47717754
47717713
47717458
47717436
47717024
47716988
47716951
47716858
47716814
47716782
47716756
47716694
47716674
47716163
47716128
47716098
47715985
47715936
47715544
47715508
47715467
47715434
47715343
47715308
47715277
47715259
47715228
47715205
47715175
47715149
47715110
47715072
47714571
47714536
47714513
47714105
47714077
47714044
47714023
47714011
47713994
47713952
47713900
47713150
47713126
47713092
47713093
47713051
47713050
47713014
47712964
47712913
47712877
47712866
47712843
47712838
47712816
47712806
47712784
47712749
47712747
47712581
47712524
47712400
47712380
47712363
47712339
47712308
47712286
47712265
47712230
47712184
47712171
47712153
47709886
47709847
47709799
47709653
47709574
47702267
47701092
47701019
47700940
47700821
47700718
47699859
47699653
47699606
47699550
47699467
47699306
47699233
47699154
47699071
47699006
47698786
47698751
47698710
47698667
47698624
47698548
47698489
47698425
47698369
47698329
47698316
47698166
47698029
47697975
47697893
47697853
47697762
47697695
47697664
47697616
47697494
47697453
47688942
47681188
47681105
47680984
47679911
47679104
47679060
47678999
47678946
47678790
47678774
47678735
47678614
47678527
47678485
47678402
47678364
47678261
47678202
47678128
47678046
47677619
47677535
47677423
47677365
47677286
47677058
47677037
47677022
47676978
47676926
47676836
47676783
47676756
47676704
47676644
47676554
47676508
47676458
47676338
47676313
47676239
47675984
47675929
47675863
47675792
47675746
47664915
47662510
47659217
47659127
47658297
47657193
47657138
47657069
47656973
47656907
47656904
47654966
47654948
47626849
47626290
47625670
47625648
47625620
47625601
47625569
47625331
47625302
47625271
47625188
47625021
47624818
47624780
47624738
47624686
47624663
47624647
47624626
47624608
47624226
47623682
47623307
47623266
47623237
47623224
47623199
47623162
47623144
47623108
47623074
47622271
47622242
47622217
47622184
47622160
47622138
47622117
47622099
47622078
47622049
47621523
47621499
47621479
47621435
47621409
47621385
47621056
47621009
47620976
47620942
47620849
47620821
47620584
47620568
47620463
47618628
47618136
47617619
47617533
47617333
47617290
47617156
47617070
47616917
47616864
47616572
47616370
47616235
47615698
47615638
47614770
47614732
47614692
47614642
47614612
47599066
47589400
47589370
47589003
47588971
47588952
47588926
47588883
47588852
47588828
47588780
47588593
47577388
47576395
47576089
47575832
47575525
47574781
47574244
47574202
47574161
47574118
47574048
47574010
47573951
47573917
47569743
47569708
47569683
47569593
47568496
47555408
47555247
47555147
47554995
47554941
47554916
47554875
47554819
47554694
47538224
47538016
47537931
47537913
47537877
47537813
47537756
47537699
47537506
47537332
47537153
47536789
47536653
47536625
47536570
47536517
47536441
47528946
47528923
47528917
47528912
47528906
47528899
47528896
47528882
47528880
47528875
47528874
47528868
47528861
47528857
47528852
47528848
47528844
47528841
47528833
47528832
47528827
47528821
47528817
47528810
47528795
47528791
47528775
47528766
47528763
47528754
47528747
47528737
47528721
47528715
47528705
47528694
47528691
47528678
47528661
47528653
47528645
47528630
47528620
47528615
47528609
47528608
47528587
47528580
47528566
47528560
47528548
47528541
47528531
47528525
47528519
47528509
47528497
47528474
47528456
47528438
47528426
47528424
47528422
47528403
47528394
47528383
47528373
47528363
47528328
47528308
47528265
47528255
47528230
47528205
47528162
47508571
47506667
47506228
47506151
47506049
47505986
47505897
47505819
47505771
47505658
47505529
47505481
47505403
47505190
47505109
47505004
47504615
47504518
47504385
47504173
47504174
47504032
47503918
47503790
47502669
47502439
47502196
47501208
47501071
47500765
47500564
47500313
47499731
47499167
47499016
47498765
47498556
47498403
47498251
47498231
47498148
47498076
47498014
47497701
47495831
47495651
47494395
47489787
47484077
47482651
47481392
47479889
47479853
47479794
47479662
47479622
47479565
47479485
47479432
47479372
47478968
47478918
47478615
47478501
47478396
47477031
47476684
47473465
47473448
47470678
47469211
47468398
47468172
47465503
47465493
47465487
47465472
47465281
47465239
47465216
47465185
47465157
47465122
47465065
47465054
47465044
47465031
47465015
47464999
47464990
47464979
47464824
47464732
47464707
47464698
47464689
47464679
47464669
47464599
47464589
47464578
47464558
47464559
47464541
47464527
47464517
47464502
47464500
47464482
47464332
47461178
47454207
47454189
47454165
47454154
47454138
47454119
47454110
47454095
47453612
47453588
47453570
47453554
47453535
47453520
47453505
47453492
47453477
47453460
47453446
47451759
47451746
47451722
47451708
47451695
47451683
47451577
47451404
47448798
47444634
47444585
47444542
47444479
47444452
47444325
47444259
47444218
47444035
47443926
47443882
47443825
47443790
47443741
47443717
47443656
47443602
47443529
47443480
47443001
47442897
47442788
47442413
47442414
47442394
47442374
47442355
47439114
47439036
47438996
47438887
47438771
47438715
47434544
47433330
47433220
47433086
47432882
47432764
47432626
47432603
47432575
47432501
47432466
47432421
47432372
47432181
47432084
47432042
47431988
47431963
47431915
47431883
47431805
47431757
47431686
47431548
47431266
47431211
47430759
47430712
47430669
47430651
47430531
47430455
47430436
47430396
47430290
47430242
47430192
47430086
47430035
47429970
47429934
47429822
47429637
47429513
47429371
47429329
47429300
47429283
47429212
47429182
47429133
47429110
47429069
47429048
47429026
47428970
47428959
47428928
47428900
47428896
47428782
47428771
47428722
47428668
47428545
47428489
47428427
47428260
47428261
47428216
47427997
47427889
47427871
47427847
47427830
47427821
47427811
47427799
47427791
47427783
47427774
47427764
47427760
47427750
47427737
47427733
47427724
47427708
47427696
47427685
47427672
47427663
47427645
47427221
47427154
47427034
47426924
47426897
47426825
47426733
47426703
47426669
47426614
47426565
47426527
47426458
47426415
47426342
47426283
47426258
47426161
47426121
47426076
47426012
47425978
47425944
47425531
47424505
47424459
47421621
47419277
47419159
47419102
47419089
47419008
47418550
47417846
47417376
47417099
47416822
47416807
47415882
47415723
47415586
47415564
47415492
47404876
47404866
47404855
47404846
47404836
47404828
47404809
47404799
47404773
47404759
47404748
47404734
47404716
47404703
47404680
47404671
47404655
47404632
47404622
47404610
47404594
47404561
47404553
47404540
47404523
47404510
47404495
47404483
47404471
47404449
47404425
47404353
47404198
47404185
47404168
47404153
47404138
47404115
47404095
47402845
47402836
47402823
47402810
47402792
47402773
47402759
47401941
47401918
47401896
47401877
47401858
47401838
47401813
47401798
47401779
47401757
47401714
47401675
47401617
47401595
47401576
47401534
47401530
47401511
47401485
47401460
47401441
47401420
47401405
47401382
47401367
47401348
47401328
47401311
47401298
47401283
47401257
47401228
47401224
47401204
47401182
47401150
47401127
47401107
47401081
47401043
47401040
47401019
47400990
47400971
47400935
47400905
47400847
47400617
47400513
47400426
47400207
47399998
47399361
47399200
47399030
47399021
47398805
47398620
47396326
47396074
47395493
47395338
47394371
47393590
47393466
47393406
47393320
47393211
47393181
47393029
47392796
47392542
47392060
47391830
47391332
47391298
47391112
47390985
47390978
47390697
47390640
47390449
47389966
47389701
47389575
47389218
47389011
47388974
47388944
47388918
47388900
47388881
47388820
47388793
47388646
47387892
47387737
47387455
47387452
47387426
47387384
47387319
47387249
47386910
47386830
47386640
47386511
47386220
47386213
47386200
47386169
47386143
47386118
47386104
47386072
47386048
47386009
47385989
47385972
47385946
47385923
47385905
47385876
47385878
47385872
47385836
47385817
47385798
47385775
47385780
47385758
47385738
47385709
47385694
47385676
47385637
47385607
47385578
47385564
47385548
47385526
47385498
47385492
47385329
47385166
47385147
47385130
47385060
47384951
47384925
47384899
47384889
47384874
47384849
47384835
47384812
47384786
47384774
47384771
47384757
47384725
47384714
47384694
47384666
47384655
47384613
47384595
47384589
47384567
47384546
47384501
47384237
47384060
47383977
47383849
47383814
47383807
47383794
47383779
47383731
47383702
47383566
47383497
47383483
47383430
47383349
47383322
47383307
47383237
47383180
47383110
47383005
47383000
47382913
47382849
47382809
47382790
47382791
47382772
47382752
47382723
47382719
47382696
47382686
47382630
47382614
47382601
47382578
47382538
47382521
47382494
47382476
47382461
47382439
47382402
47382386
47382367
47382350
47382331
47382306
47382288
47382248
47382229
47382222
47382195
47382176
47382166
47382142
47382118
47382099
47382018
47382020
47381995
47381978
47381965
47381958
47381939
47381917
47381911
47381906
47381877
47381866
47381822
47381812
47381780
47381762
47381764
47381744
47381722
47381714
47381683
47381670
47381666
47381648
47381608
47381597
47381587
47381567
47381560
47381545
47381529
47381515
47381504
47381482
47381464
47381451
47381449
47381440
47381421
47381397
47381202
47381178
47381147
47381131
47381109
47381084
47381067
47381058
47381029
47381011
47380957
47380933
47380913
47380894
47380877
47380871
47380856
47380839
47380809
47380794
47380766
47380737
47380723
47380704
47380688
47380008
47379975
47379944
47379914
47379897
47379878
47379858
47379848
47379831
47379811
47379800
47379776
47379750
47379729
47379697
47379606
47379562
47379508
47379447
47379303
47379220
47379098
47379010
47378933
47378818
47378704
47378623
47378522
47378424
47378406
47378389
47378374
47378360
47378335
47378292
47378285
47378266
47378247
47378239
47378151
47378030
47377951
47377941
47377867
47377714
47377645
47377620
47377487
47377428
47377413
47377071
47377008
47376826
47376671
47375898
47375800
47375711
47375536
47375442
47374578
47374516
47374148
47373947
47373806
47373705
47373430
47373009
47372612
47372467
47371919
47371869
47371479
47371426
47371094
47370996
47370886
47370835
47370715
47370614
47370541
47370465
47370167
47370090
47370004
47369815
47369738
47369682
47369009
47368701
47368428
47368292
47368195
47368136
47367806
47367794
47367738
47367701
47367681
47366877
47366411
47366339
47366220
47366123
47365605
47365586
47365310
47365261
47365221
47362148
47362007
47361915
47361609
47361568
47361524
47361439
47361388
47361339
47361272
47360740
47360205
47360081
47359822
47359733
47359535
47359032
47358510
47358097
47357964
47357881
47356830
47356558
47356188
47355680
47355672
47355643
47355476
47355463
47355441
47355307
47355244
47355146
47355145
47355101
47355098
47354976
47354902
47354863
47354798
47354754
47354561
47354523
47354379
47354281
47354259
47354021
47354016
47353894
47353890
47353828
47353749
47353707
47353699
47353620
47353542
47353387
47353362
47353350
47353267
47353192
47353163
47353137
47353113
47353051
47353042
47353019
47353012
47352966
47352873
47352609
47352552
47352544
47352171
47351954
47351841
47351779
47349815
47349665
47349122
47349071
47348955
47348851
47348586
47348148
47348039
47346969
47346478
47336886
47336276
47336081
47335879
47335613
47335389
47334826
47334402
47333836
47333630
47333564
47333461
47333384
47333293
47333241
47333172
47333088
47333028
47332915
47332885
47332844
47332760
47332669
47332537
47332289
47332280
47332273
47332270
47332252
47332245
47332232
47332217
47332180
47332161
47332138
47332126
47332118
47332080
47332052
47330520
47330455
47330338
47330013
47329317
47328062
47327729
47327279
47326407
47325820
47325583
47325421
47325368
47325215
47324696
47324545
47324502
47324415
47324362
47324249
47324127
47324012
47323963
47323907
47323887
47323847
47323699
47323425
47323416
47323386
47323367
47323349
47323304
47323177
47323113
47323108
47323060
47323046
47322917
47322909
47322839
47322517
47322301
47322207
47322189
47322174
47322155
47322104
47322096
47322080
47322073
47322062
47322049
47322033
47322019
47322009
47322001
47321982
47321970
47321928
47321918
47321596
47321529
47321497
47321461
47321425
47321394
47321255
47321253
47320961
47320912
47320866
47320811
47320742
47320690
47320654
47320644
47320641
47320620
47320610
47320557
47320492
47320490
47320435
47320405
47320403
47320375
47320367
47320368
47320358
47320338
47320318
47320307
47320258
47320091
47320075
47320046
47320021
47319894
47319860
47319837
47319810
47319785
47319761
47319722
47319693
47319209
47319010
47318938
47318897
47318788
47318641
47318593
47318558
47318537
47318527
47318451
47318414
47318147
47317981
47317774
47317546
47317497
47317449
47317387
47317340
47317266
47317165
47316939
47316817
47316770
47316592
47316579
47316567
47316559
47316550
47316541
47316530
47316523
47316513
47316508
47316498
47316488
47316482
47316466
47316454
47316435
47316426
47316407
47316382
47316368
47316320
47316295
47316265
47316256
47316245
47316173
47316105
47315774
47315672
47315572
47315492
47315404
47315320
47315235
47315103
47314963
47314890
47314838
47314766
47314667
47314512
47314356
47314273
47314153
47314074
47313989
47313885
47313838
47313774
47313709
47313540
47313489
47313375
47313256
47313192
47313128
47312978
47312917
47312848
47312741
47312498
47312314
47312235
47312175
47312103
47312009
47311926
47311823
47311777
47311700
47311657
47311568
47311502
47311461
47311429
47311394
47311362
47311364
47311323
47311251
47311245
47311208
47311183
47311147
47311109
47311052
47310935
47310868
47310839
47310693
47310542
47310410
47310320
47308572
47308460
47308327
47308123
47307890
47306903
47306849
47306646
47306440
47306119
47306056
47305275
47305224
47305088
47305049
47304895
47304796
47304123
47304038
47303968
47303513
47303292
47302610
47300249
47300103
47299066
