49290700
49290630
49242375
49242331
49242043
49241102
49222293
49222246
49222117
49216616
49209216
49197388
49190142
49189415
49172619
49160374
49136461
49098696
49092320
49091582
49065048
49049121
49049028
49048908
49048693
49048540
49048348
49047683
49032986
49021203
49017103
48949958
48949656
48905795
48888315
48888286
48888108
48880975
48857278
48835757
48831718
48831195
48817857
48817249
48807062
48801380
48786783
48785018
48778810
48776816
48764464
48752035
48751903
48751838
48751596
48751530
48736583
48733037
48725408
48719066
48701484
48701424
48698111
48696585
48696046
48692668
48692282
48686953
48683119
48681518
48675708
48675245
48671913
48671217
48670295
48670226
48670049
48669809
48669540
48669015
48668319
48668068
48664904
48664551
48664449
48664022
48663476
48662868
48657418
48656963
48656161
48655334
48655293
48655166
48653016
48652819
48652647
48645143
48645049
48644790
48644736
48644688
48644537
48644255
48644136
48643957
48643596
48643479
48643416
48643055
48642911
48642673
48642580
48642514
48642348
48642278
48642179
48642083
48642040
48641982
48641877
48641762
48641703
48641627
48641541
48641347
48641129
48641063
48640889
48640842
48640777
48640704
48640450
48639400
48639338
48639260
48638500
