50253081
50245808
50243778
50224850
50224765
50221049
50221012
50220554
50219173
50219096
50214854
50208547
50206904
50205493
50200970
50186138
50182668
50177173
50176889
50176312
50175908
50174304
50169795
50163245
50163207
50163175
50161730
50151799
50151712
50136555
50121363
50117010
50116018
50115663
50115528
50107259
50092255
50091744
50070944
50070563
50070283
50070092
50069800
50063871
50063811
50063708
50055729
50052212
50013260
50013119
50011571
50011288
50010865
50008002
50007702
49975181
49970017
49956230
49956046
49955672
49955651
49955186
49955100
49954950
49954855
49954784
49954755
49954589
49954546
49954491
49954484
49954456
49954430
49954307
49954219
49954101
49954085
49954042
49954021
49954007
49953960
49953932
49953905
49953859
49953841
49953790
49953779
49953601
49953354
49953223
49953172
49953048
49953039
49952993
49952753
49952746
49952577
49952115
49952099
49952089
49952020
49952008
49951567
49951561
49951500
49951432
49951426
49951419
49951186
49951118
49951108
49951099
49951028
49950987
49950920
49950911
49950844
49950766
49950378
49950359
49950344
49950105
49949890
49949777
49949689
49949665
49949473
49949360
49949098
49948985
49948787
49948768
49948630
49948620
49948608
49948531
49947828
49947772
49947692
49947672
49947639
49947624
49947590
49947550
49946195
49945495
49944830
49942993
49942400
49942234
49942161
49942048
49941986
49941834
49941778
49934720
49927299
49922091
49922063
49922050
49922038
49922033
49922030
49922015
49922005
49921995
49921956
49921941
49921912
49921901
49921897
49921890
49921872
49921856
49921799
49921711
49921687
49921664
49921641
49921523
49921521
49921484
49921478
49921441
49921426
49921420
49921407
49921387
49921373
49921375
49921339
49921338
49921315
49921303
49921300
49921255
49921247
49921231
49921219
49921206
49921184
49921160
49921150
49921106
49920980
49920950
49920947
49920930
49920931
49920923
49920914
49920895
49920887
49920880
49920872
49920853
49920851
49920832
49920808
49920798
49920771
49920762
49920763
49920756
49920747
49920722
49920709
49920702
49920698
49920689
49920688
49920679
49920538
49920416
49920408
49920392
49920385
49920382
49920360
49920363
49920345
49920332
49920325
49920321
49920317
49920311
49920300
49920284
49920269
49920268
49920256
49920214
49920216
49920203
49920195
49920192
49920193
49920182
49920177
49920163
49920149
49920141
49920104
49920074
49920060
49920032
49920027
49919942
49919904
49919888
49919869
49919850
49919781
49919760
49919742
49919721
49919701
49919688
49919596
49919540
49919436
49919392
49919337
49919304
49919295
49919065
49919034
49919006
49918987
49918967
49918938
49918888
49918881
49918851
49918799
49918641
49918610
49918586
49918561
49918543
49918513
49918487
49918458
49918422
49918364
49918322
49918278
49918259
49918253
49918224
49918208
49918190
49918158
49918133
49918120
49918111
49918090
49918049
49918012
49917981
49917963
49917917
49917891
49917877
49917816
49917767
49917712
49917638
49917334
49909466
49909443
49909343
49909239
49901515
49901498
49901481
49901472
49901459
49901453
49901443
49901391
49901379
49901365
49901355
49901347
49901334
49901307
49901297
49901276
49901265
49901250
49901239
49901227
49901212
49901192
49901175
49901155
49901140
49901120
49901110
49901105
49901078
49901072
49901065
49901051
49901038
49901030
49901024
49901020
49901008
49900979
49900966
49900952
49900933
49900922
49900900
49900888
49900858
49900844
49900835
49900825
49900816
49900810
49900802
49900797
49900790
49895196
49886216
49885633
49861609
49855768
49845790
49841775
49838411
49818730
49817894
49812842
49812001
49811837
49811775
49811725
49811619
49811536
49811461
49811367
49807875
49807613
49807518
49807459
49807380
49807329
49807205
49806914
49806753
49806120
49804564
49804301
49804223
49804130
49804060
49803946
49803874
49803784
49803722
49803591
49798784
49797289
49796227
49794712
49785285
49784741
49783338
49783320
49779067
49778346
49778032
49777875
49777751
49777633
49777547
49776486
49775597
49774097
49770722
49770537
49769827
49764908
49763490
49750139
49749935
49738610
49738360
49737922
49737778
49737662
49737539
49737435
49737346
49737235
49737162
49737094
49736975
49735246
49734385
49733209
49730608
49729976
49729929
49728717
49728688
49728657
49728564
49728526
49728336
49724847
49722186
49716170
49715797
49714948
49712198
49711846
49711622
49711497
49711254
49711026
49710776
49710462
49710389
49710318
49710212
49710004
49706091
49701193
49696243
49695767
49695058
49694218
49694153
49694100
49693130
49692802
49692562
49692063
49691902
49691850
49689596
49688299
49685591
49680551
49680419
49680064
49678054
49675833
49672328
49666894
49666690
49664115
49660591
49658232
49657955
49657649
49650937
49650816
49650709
49650561
49650476
49650309
49644225
49641446
49638481
49633115
49632766
49623263
49620726
49617060
49612003
49611806
49611256
49611189
49610955
49610347
49610083
49608716
49607603
49607345
49607227
49607086
49606910
49606533
49606514
49606398
49606104
49605568
49605277
49605148
49604995
49604865
49604837
49598735
49595407
49594745
49594047
49592314
49592186
49591179
49590895
49590680
49590408
49590401
49590016
49589891
49589227
49589140
49587739
49587689
49585074
49584776
49583819
49583433
49583206
49582724
49582264
49581505
49580995
49580662
49580305
49580063
49580014
49579358
49577407
49573893
49573755
49573704
49573655
49573622
49573125
49573056
49572903
49572869
49572859
49572805
49572668
49572407
49572276
49572206
49572194
49572142
49571890
49571576
49571499
49571331
49571242
49571180
49571140
49571080
49570972
49570874
49570848
49570753
49570704
49570590
49570506
49570465
49570316
49570163
49566310
49566278
49566182
49563668
49563623
49563395
49562571
49562224
49561957
49561877
49561835
49561728
49561573
49561389
49561149
49561144
49560422
49560325
49560217
49559876
49559811
49559761
49559668
49559067
49558932
49558859
49558744
49558354
49557420
49557319
49556640
49556151
49555948
49555654
49555080
49554593
49554540
49550141
49545591
