51391189
51361433
51301161
51301001
51300844
51267311
51264322
51255003
51249073
51195564
51195531
51195460
51183964
51162136
51162119
51161860
51118391
51093935
51085809
51035173
50990352
50986342
50986264
50986206
50986146
50980538
50980499
50980458
50980404
50892103
50891983
50891641
50890996
50890894
50877559
50846334
50845951
50845494
50845279
50845233
50845212
50845189
50845164
50845120
50845079
50825561
50809978
50792227
50739299
50716496
50711722
50711387
50710728
50710318
50708181
50706769
50706600
50706326
50706170
50705960
50705711
50705615
50705406
50705270
50704373
50702745
50694648
50671902
50671826
50668656
50661582
50652105
50652067
50651601
50651554
50651552
50651078
50650860
50650708
50650293
50649714
50647686
50647470
50647154
50647072
50647013
50646967
50646903
50639263
50637222
50637164
50637124
50637064
50637039
50637004
50636958
50636931
50633527
50633500
50633393
50633252
50633102
50633076
50633005
50619209
50619146
50601630
50601473
50601409
50601054
50601004
50600944
50600905
50600814
50600635
50588498
50588333
50586922
50580393
50572005
50571805
50568863
50568676
50568171
50567040
50561496
50561016
50560951
50560411
50560186
50559733
50555648
50552118
50551664
50551460
50551249
50551057
50550905
50550772
50549183
50547095
50541274
50536163
50535377
50515084
50515027
50514755
50514629
50510522
50510462
50509575
50509510
