10390626
10390622
10388580
10388479
10377985
10376276
10364445
10357512
10354768
10354712
10354647
10354353
10353778
10353772
10353759
10353744
10353720
10353434
10348447
10347250
10343489
10334402
10333417
10331365
10331307
10331085
10330765
10330675
10330392
10330326
10330289
10330269
10330163
10329619
10327692
10313883
10313777
10306002
10305277
10296906
10292109
10291454
10288563
10288459
10287051
10286747
10280482
10277946
10275506
10275481
10273439
10273421
10273266
10273049
10271711
10271595
10271558
10268703
10268321
10267675
10267646
10267637
10267600
10267570
10267551
10267535
10266987
10266840
10265660
10264249
10262450
10262319
10262155
10262055
10260126
10259465
10259246
10259141
10259082
10259029
10259011
10258978
10258823
10258753
10255549
10255477
10254462
10254440
10253147
10253108
10252196
10252181
10250571
10250461
10249275
10249251
10249229
10246758
10246483
10246305
10246295
10245837
10245820
10245801
10245608
10245250
10245218
10245209
10245135
10244979
10244788
10242566
10241896
10240461
10238170
10238056
10234255
10234158
10233032
10230591
10225000
10224371
10223060
10223045
10222495
10221706
10221685
10221579
10221474
10221439
10221426
10220514
10219462
10218560
10218450
10218444
10217963
10217702
10217634
10217628
10217613
10217605
10217563
10217505
10216524
10216499
10216455
10216408
10216386
10216369
10216355
10216341
10216319
10214846
10214808
10214780
10214622
10214483
10214444
10211119
10210084
10208794
10207445
10201541
10201473
10201405
10201258
10201122
10201052
10200910
10199043
10198458
10198427
10198416
10198396
10198375
10198365
10198352
10198340
10198330
10198314
10197299
10195834
10195748
10195621
10195576
10195536
10195440
10195322
10192826
10192456
10191040
10190908
10190795
10177854
10173579
10173036
10171981
10171844
10171636
10171530
10170378
10170345
10169850
10169249
10168251
10162551
10162535
10161786
10161546
10161460
10161284
10161051
10160929
10159456
10157861
10157598
10157518
10156157
10154576
10154190
10154135
10154049
10154032
10153990
10152897
10152689
10152638
10152517
10152460
10152351
10152298
10152223
10152006
10151944
10151610
10151263
10150894
10150761
10149572
10149401
10149224
10148625
10148612
10148603
10148541
10148531
10148516
10148504
10148482
10148439
10148422
10148367
10148358
10148343
10148333
10146686
10146615
10145167
10144966
10144941
10144754
10144691
10144678
10144667
10144641
10144606
10144572
10144510
10144484
10144243
10142193
10140981
10140898
10140771
10140637
10139763
10139672
10138049
10138013
10137978
10137944
10137914
10137882
10137842
10137823
10137801
10137198
10137084
10136961
10134605
10134557
10134060
10134020
10132588
10132536
10132511
10132483
10132457
10132456
10132433
10132349
10132262
10132235
10132223
10131776
10131734
10130694
10130648
10129374
10128401
10128190
10128021
10127987
10127381
10127327
10127305
10127244
10127202
10127195
10127146
10127093
10126352
10126095
10126023
10125393
10125344
10125197
10124965
10124853
10124597
10124523
10124357
10124162
10123785
10123597
10123088
10122992
10122838
10122729
10122679
10122254
10121900
10121633
10121616
10121536
10121492
10120990
10120956
10120675
10120630
10120314
10119839
10119298
10119158
10119146
10119136
10119089
10119054
10118969
10118932
10118754
10118712
10118706
10118646
10118536
10118438
10118430
10118386
10117693
10117157
10117123
10116722
10116614
10115974
10115636
10114937
10114912
10114878
10114830
10114470
10114363
10114352
10113850
10113722
10113719
10113519
10113498
10113422
10113319
10113295
10113276
10113225
10113058
10113009
10112988
10112982
10112979
10112957
10112934
10112856
10112826
10112824
10112797
10112535
10112498
10112276
10112159
10112119
10112101
10112081
10112024
10111998
10111961
10111934
10111915
10111893
10111832
10111798
10111617
10111565
10111186
10111171
10111159
10111144
10111084
10111081
10110944
10110891
10110811
10110732
10110683
10110666
10110627
10110310
10109790
10109767
10109592
10109558
10109472
10109468
10109386
10109366
10108847
10108793
10108742
10108520
10108506
10108226
10108126
10108090
10108050
10108044
10107748
10107736
10107540
10107411
10107374
10107216
10107194
10107076
10106820
10106521
10106365
10106084
10106029
10105981
10105928
10105918
10105789
10105779
10105748
10105741
10105726
10105704
10105695
10105688
10105685
10105676
10105648
10105573
10105465
10105455
10105423
10105406
10105394
10105391
10105365
10105347
10105344
10105340
10105338
10105336
10105328
10105287
10105268
10105261
10105236
10105221
10105184
10105078
10105061
10104948
10104904
10104846
10104680
10104644
10104630
10104616
10104556
10104542
10104543
10104528
10104524
10104500
10104493
10104492
10104481
10104475
10104469
10104462
10104387
10104369
10104336
10104330
10104321
10104273
10104262
10104254
10104248
10104241
10104116
10104115
10104113
10104111
10104108
10104104
10104088
10104079
10104063
10103940
10103938
10103937
