65916783
65916724
65911937
65898465
65897250
65895874
65893306
65892494
65890307
65890133
65890124
65889748
65889539
65888725
65883645
65868934
65865491
65859818
65859733
65859286
65857845
65855852
65854356
65850882
65848445
65847645
65842112
65840987
65837767
65837708
65833684
65833644
65833556
65833509
65832477
65831943
65831905
65831388
65830522
65826067
65825495
65825087
65825031
65824973
65824119
65824036
65823923
65823638
65822529
65822403
65818020
65817985
65794692
65791960
65789074
65788498
65788435
65788395
65786774
65777999
65777976
65775037
65774586
65774412
65774303
65774199
65774042
65772908
65770844
65770597
65768421
65768376
65767964
65766757
65766273
65764826
65763200
65761852
65755641
65755126
65754594
65752998
65751406
65745937
65745344
65743068
65741353
65739377
65738095
65736721
65736298
65735750
65734378
65733714
65731436
65729264
65727049
65725372
65721350
65720564
65720504
65719238
65716423
65713942
65713671
65708769
65708454
65707472
65705801
65705300
65697878
65695573
65683642
65683426
65682322
65681056
65665955
65665428
65665049
65664331
65662835
65662478
65662053
65661153
65660819
65654130
65653138
65641989
65640449
65640224
65634793
65630042
65628120
65621540
65620351
65615362
65613895
65608286
65608229
65607797
65606608
65606405
65605394
65604648
65603525
65594689
65591610
65586884
65568870
65568638
65568611
65564038
65562152
65556842
65556745
65547347
65547201
65538896
65538565
65531456
65531065
65530944
65526484
65522085
65521897
65521847
65521785
65521729
65521147
65518475
65512065
65507323
65507155
65506362
65505901
65504821
65502562
65496364
65491826
65485346
65485304
65484865
65483682
65477762
65477260
65476211
65470964
65467831
65433849
65421103
65417571
65417526
65417200
65412752
65412668
65410459
65404128
65393289
65390307
65389497
65387501
65386599
65384531
65384451
65383747
65383399
65382005
65380001
65377452
65374427
65374174
65372490
65367456
65364065
65363978
65363923
65363549
65362805
65342198
65341898
65341817
65336112
65326136
65323946
65321813
65321081
65320928
65310069
65300859
65298773
65297253
65294153
65288497
65277802
65266201
65254370
65250367
65247500
65240161
65240094
65238071
65235494
65233342
65232468
65231945
65230720
65230358
65230120
65229897
65229075
65228513
65227124
65226936
65226761
65226114
65223473
65221585
65220213
65220096
65219738
65219501
65217863
65217725
65216862
65215720
65215448
65214745
65213544
65212122
65211994
65211797
65209910
65194673
65178315
65173611
65173464
65170953
65170723
65166923
65162551
65162135
65160114
65159864
65159450
65159335
65157758
65156722
65153876
65153675
65150470
65146900
65143756
65143122
65142653
65138235
65137445
65135235
65134362
65133266
65132954
65132685
65130916
65128388
65127367
65127341
65127296
65127270
65126970
65124344
65120952
65120920
65120581
65120315
65118182
65114251
65114089
65113899
65103955
65101942
65097890
65096582
65096527
65095918
65089831
65089603
65089306
65088957
65088920
65088874
65088841
65088808
65088773
65088752
65088609
65088002
65087079
65086706
65082494
65076937
65075554
65075333
65071676
65071448
65071168
65070509
65070177
65068355
65066843
65066362
65066123
65064619
65044469
65028138
65028050
65028010
65027968
65027924
65027769
65026444
65025428
65017708
65015793
65012062
65011870
65009289
65006963
65004045
65003159
65002996
65001858
65001698
64996685
64993443
64992636
64986655
64983831
64980215
64977839
64977363
64975338
64974930
64967196
64967161
64964178
64961922
64958256
64954349
64950687
64950490
64950306
64950207
64949705
64949577
64945534
64945319
64944106
64941525
64939330
64934510
64928262
64924631
64922499
64922266
64921912
64899307
64892722
64889832
64889220
64886719
64885619
64882946
64882839
64881913
64881855
64881593
64875676
64874848
64872469
64868528
64862577
64861757
64860688
64860249
64858204
64851975
64849573
64844900
64844704
64841598
64839204
64838181
64837514
64836861
64835756
64835104
64832809
64832213
64830940
64830475
64826399
64825981
64823267
64818463
64814803
64814558
64812646
64810497
64808619
64808392
64808314
64808259
64808140
64807921
64807074
64805849
64805579
64804779
64804602
64803293
64803224
64803079
64802364
64800537
64797186
64794313
64794110
64793848
64788386
64788270
64787923
64785811
64784397
64783915
64782636
64781660
64781546
64780888
64780826
64778707
64778431
64766356
64761300
64760862
64759261
64755801
64755332
64755188
64753867
64753611
64752118
64746662
64742844
64741660
64738072
64735144
64734603
64730433
64729230
64727550
64726663
64725792
64716481
64713356
64710623
64709385
64708679
64708397
64702969
64702495
64702184
64701541
64701256
64700700
64700611
64700522
64700083
64699962
64698910
64697296
64696491
64696460
64696049
64695542
64695087
64693656
64691787
64691474
64690351
64690190
64688473
64688179
64687868
64686508
64685900
64685829
64679302
64675790
64674692
64673084
64671530
64671038
64670692
64670583
64670134
64668014
64667977
64665438
64660876
64660592
64647778
64646897
64645935
64638810
64627980
64624705
64622582
64615431
64615205
64615047
64614615
64614440
64613567
64597885
64592248
64591348
64588933
64588506
64588307
64588148
64587651
64580609
64580487
64578184
64577582
64571528
64562985
64557857
64549256
64548629
64548019
64547438
64547127
64546654
64545867
64537143
