10283007
10268481
10268443
10260048
10252341
10242944
10240435
10239216
10235407
10235228
10225176
10223980
10222844
10222570
10221923
10221274
10220900
10220790
10220418
10220189
10215191
10214019
10211500
10211480
10211464
10208099
10208093
10206793
10206791
10206197
10200032
10188967
10187299
10184908
10183827
10183828
10183366
10183001
10182580
10182255
10182196
10175644
10175442
10175397
10175325
10175100
10175010
10174946
10174832
10174695
10174550
10174520
10174180
10173146
10173106
10171782
10171591
10171015
10169781
10168394
10168228
10168050
10164191
10163870
10163804
10163768
10163741
10163740
10163600
10146803
10143428
10143116
10141565
10141401
10140491
10139400
10139155
10138854
10138704
10135842
10134187
10134170
10134163
10131007
10130986
10130921
10130906
10130856
10130840
10130836
10130830
10130808
10129300
10126811
10126130
10125947
10125675
10125285
10125119
10124931
10124790
10124438
10123715
10120538
10118821
10118799
10118749
10118452
10118303
10118266
10118256
10118193
10111518
10111163
10110905
10109828
10109743
10109660
10109633
10109586
10109543
10109509
10107365
10107302
10107077
10107056
10107038
10107012
10106645
10106432
10106340
10106214
10105501
10105308
10104983
10104963
10104828
10104727
10104678
10104646
10104568
10104510
10104503
