92021644
91998696
91992608
91973819
91964893
91911660
91911507
91820394
91708605
91681874
91599933
91588372
91578475
91566617
91565629
91564510
91557107
91547245
91542219
91531087
91473626
91467755
91451345
91450407
91449754
91441891
91436712
91401149
91337181
91336604
91336222
91302454
91290470
91263736
91231387
91230824
91217002
91187083
91104330
91103544
91089529
91083459
91083272
91080082
91039707
90966512
90912647
90870455
90870495
90863694
90863473
90863571
90863222
90862968
90862817
90854799
90854779
90853873
90853862
90853589
90851693
90851580
90851438
90789939
90754908
90730883
90729135
90728963
90728833
90727823
90726623
90726573
90726553
90726545
90726530
90726134
90726269
90725161
90709019
90701601
90701525
90697887
