10610140
10595100
10594607
10591212
10582454
10581583
10573335
10572424
10566119
10565957
10565873
10565720
10564492
10557004
10556901
10556493
10556240
10555977
10550267
10550258
10550252
10550232
10550213
10550208
10550200
10550170
10550161
10550120
10550111
10550104
10550093
10550074
10550066
10550056
10550030
10549999
10549936
10549932
10549926
10549888
10549882
10548869
10548700
10548684
10546353
10546322
10546290
10546242
10546212
10540204
10529094
10525814
10525699
10525439
10524739
10520590
10508681
10508361
10507798
10505201
10504463
10504462
10504422
10504378
10504335
10503979
10502199
10501305
10501066
10500561
10500458
10500363
10497325
10495756
10493254
10489442
10489418
10489255
10489148
10489127
10489060
10489042
10488988
10488959
10488828
10488800
10488760
10488753
10488721
10488620
10488370
10488315
10487626
10486814
10480593
10477794
10474889
10474716
10474704
10474583
10474531
10474466
10474243
10473733
10473302
10473193
10472394
10472050
10471943
10471831
10470032
10468666
10468622
10468435
10468160
10468141
10468098
10468057
10468055
10468032
10467976
10467953
10467939
10465009
10464911
10462291
10462273
10461744
10461613
10461601
10461541
10461487
10461351
10461212
10461138
10460978
10460835
10460825
10460475
10460420
10460318
10460236
10459524
10458622
10458002
10453971
10450284
10448681
10446378
10442848
10442185
10442091
10441784
10441629
10441061
10440872
10440865
10440806
10440678
10440663
10440658
10440603
10440198
10440048
10440037
10439737
10439512
10439184
10437500
10437472
10436414
10436297
10436188
10436094
10436061
10436012
10435204
10434861
10434825
10434818
10434800
10434785
10434774
10434724
10434269
10434240
10434141
10433964
10433931
10433905
10433273
10433245
10433181
10433016
10432916
10432809
10432693
10432642
10432571
10432542
10432501
10432475
10432468
10432439
10432388
10432221
10431841
10431710
10431561
10431528
10431488
10431453
10431414
10431399
10431041
10430846
10430684
10430186
10430166
10429845
10429834
10429820
10429798
10429494
10428930
10428731
10428544
10428208
10428009
10427814
10427797
10427792
10427769
10427440
10427391
10427372
10427349
10427291
10427241
10427231
10427208
10427164
10426598
10426577
10426030
10426029
10426024
10426017
10426004
10425995
10425994
10425988
10424493
10424484
10424332
10424317
10424273
10424254
10424131
10423744
10423167
10422772
10422657
10422608
10422561
10422367
10422339
10422335
10422253
10422240
10421669
10420709
10420667
10420367
10420267
10420189
10420139
10419851
10419782
10419673
10419194
10419140
10418986
10417490
10416118
10416097
10415608
10415091
10415052
10414869
10414643
10414389
10414215
10414161
10413867
10413760
10413734
10413606
10413556
10413523
10413392
10413328
10413316
10413264
10413201
10413102
10413002
10412832
10412480
10412283
10411779
10411625
10411440
10411424
10411408
10411369
10411273
10411229
10411208
10411140
10411135
10410661
10410636
10410632
10410589
10410585
10410512
10410496
10410301
10410290
10410285
10410263
10410251
10410127
10410105
10409985
10409980
10409949
10409922
10409896
10409871
10409824
10409815
10409784
10409725
10409695
10409585
10409561
10409471
10409363
10409342
10409300
10409243
10409231
10409008
10408873
10408640
10408563
10408520
10408495
10408429
10408392
10407861
10407848
10407840
10407821
10407807
10407795
10407650
10407647
10407636
10407626
10407464
10407451
10407437
10407431
10407425
10407412
10407384
10407062
10406964
10406956
10406720
10406700
10406636
10406590
10406541
10406532
10406429
10406356
10406319
10406305
10406189
10406046
10405904
10405888
10405799
10405778
10405556
10405293
10405282
10404866
10404801
10404757
10404628
10404612
10404552
10404041
10403935
10403932
10403907
10403824
10403772
10403732
10403698
10403680
10403645
10403613
10403608
10403539
10403513
10403454
10403422
10403407
10403400
10403379
10403345
10403131
10403047
10403011
10403006
10402982
10402954
10402901
10402890
10402870
10402855
10402829
10402828
10402790
10402722
10402723
10402717
10402716
10402702
10402658
10402652
10402650
10402630
10402609
10402593
10402569
10402560
10402546
10402543
10402518
10402511
10402501
10402497
10402468
10402462
10402457
10402409
10402318
10402223
10401827
10401523
