105857510
105857459
105845826
105845322
105844691
105842751
105841154
105840425
105833974
105833940
105833913
105833880
105833844
105833795
105833747
105833580
105818303
105818145
105817942
105817632
105803957
105803838
105803786
105803498
105803433
105803387
105802183
105801032
105800083
105799789
105799131
105799029
105798946
105798516
105798460
105792908
105791777
105791312
105791235
105789661
105754859
105746874
105746784
105746674
105746389
105746044
105745949
105745898
105745842
105745775
105745680
105744126
105721022
105713059
105713008
105712940
105684824
105657571
105656380
105656332
105656288
105656251
105656107
105655645
105650512
105644878
105644767
105632811
105626256
105626234
105626180
105626125
105626090
105626059
105626036
105625986
105625911
105619427
105619390
105619342
105619305
105619260
105619209
105619103
105595830
105568324
105567992
105567873
105567736
105567224
105567127
105565204
105564062
105550002
105539022
105526887
105526788
105526604
105523554
105523428
105509706
105508271
105504074
105502236
105496755
105496503
105496269
105496179
105495849
105491342
105491107
105490879
105470832
105470761
105470689
105470464
105470318
105470101
105470003
105469927
105469867
105469810
105469751
105469705
105469648
105469596
105469550
105469468
105469344
105469208
105469148
105469087
105469015
105468961
105468623
105468521
105468418
105450033
105449190
105449066
105448834
105448367
105442871
105442783
105441998
105441853
105434125
105434048
105433991
105433936
105433115
105433098
105433078
105433036
105432830
105432758
105432156
105429204
105423846
105423698
105423552
105409541
105404362
105400082
105391728
105388454
105388434
105388415
105388397
105388381
105388372
105387662
105384411
105358702
105357359
105357220
105324183
105324078
105323899
105323834
105323716
105323624
105323522
105323496
105322321
105322222
105322131
105322014
105321868
105321816
105321662
105308470
105304715
105290365
105283432
105262185
105261685
105261325
105261043
105260636
105256261
105254237
105252520
105252396
105252051
105211570
105211135
105210299
105187566
105184885
105147623
105144269
105142003
105115515
105115339
105115090
105114904
105114739
105113592
105106065
105105858
105104902
105080969
105065030
105061465
105060449
105059377
105059073
105058828
105058597
105057876
105057505
105056963
105056096
105055438
105055231
105054862
105054250
105054153
105053848
105053532
105053230
105052415
105049301
105048302
105047688
105035864
105031329
105030305
105003392
105003282
105003193
105002344
104997953
104997448
104997322
104997072
104996999
104995545
104995286
104989155
104979542
104979058
104972636
104971710
104969900
104969621
104966660
104965956
104965794
104965658
104965570
104965469
104963711
104963502
104963312
104962685
104961098
104960990
104960875
104958801
104958700
104958534
104958465
104958395
104958279
104958220
104958138
104958038
104957796
104957240
104957174
104957041
104956942
104956752
104956600
104945599
104945384
104945211
104945153
104944976
104944902
104944730
104944610
104944412
104944074
104943959
104943900
104943834
104943570
104943463
104943420
104943274
104943125
104942983
104942791
104942656
104942465
104942405
104915116
104914864
104914533
104914306
104914212
104914037
104913891
104913823
104913816
104913737
104913647
104913596
104913470
104913442
104913360
104913328
104913311
104913236
104913230
104913168
104913142
104913022
104912995
104912934
104912812
104912739
104912731
104912654
104912578
104912491
104912324
104912311
104912154
104912131
104912101
104911991
104911911
104911806
104911669
104911356
104911147
104910975
104910849
104910712
104910315
104910233
104909910
104909624
104909143
104908748
104907823
104907274
104907252
104907223
104907122
104905683
104904869
104904431
104904270
104904104
104903894
104903579
104902819
104902644
104902593
104902290
104901875
104901575
104901213
104900892
104900874
104900537
104900493
104900487
104900326
104900238
104900138
104900055
104900006
104899959
104899954
104899427
104899379
104899256
104899075
104898713
104897770
104897005
104895976
104895896
104894919
104894618
104894611
104894584
104894519
104894144
104893730
104893668
104893409
104893317
104893275
104892182
104891238
104859583
104859485
104859249
104858982
104858866
104858769
104858714
104857123
104856821
104856742
104856590
104856583
104856497
104856436
104856351
104850636
104847679
104845891
104843241
104837173
104837070
104836480
104827339
104827145
104823652
104823519
104822379
104822219
104822093
104821736
104821469
104821306
104821202
104820170
104819926
104819780
104819485
104817310
104817201
104816909
104816814
104815636
104815359
104813906
104808492
104808427
104807228
104807142
104807068
104806981
104806782
104806689
104806550
104806476
104806396
104806324
104805224
104800764
104800678
104800553
104800458
104800327
104800166
104799855
104798043
104797441
104797174
104797011
104784686
104784193
104784155
104784123
104784082
104784038
104783996
104783948
104783893
104783823
104783818
104783783
104783747
104783740
104783629
104783568
104783511
104783448
104783327
104783225
104783137
104783062
104783010
104782946
104782888
104782803
104782754
104782695
104782646
104782595
104782526
104782454
104782371
104782321
104781442
104781346
104780981
104780835
104778610
104778249
104777717
104777176
104776890
104776523
104776269
104775785
104775560
104774857
104774371
104774326
104774291
104773934
104762661
104762029
104761768
104761673
104728172
104727445
104726886
104726620
104725603
104725508
104725303
104725214
104725116
104725085
104725065
104724980
104724981
104724868
104724841
104724803
104719268
104718623
104682285
104680139
104679099
104679060
104679020
104678726
104678675
104678637
104678587
104678553
104678456
104678387
104678097
104676760
104676206
104674594
104673760
104672570
104672523
104672499
104672467
104672445
104672416
104672397
104672275
104672251
104668398
104667902
104667620
104667574
104667496
104663118
104661602
104659005
104658806
104658290
104658152
104656553
104656062
104656021
104653938
104653256
104652868
104652222
104650914
104649745
104649612
104649570
104649424
104649327
104648817
104648495
104648403
104648309
104647608
104647600
104647075
104646817
104646526
104646116
104645818
104645772
104645721
104645704
104645609
104639477
104639244
104639107
104638768
104638368
104638036
104637845
104637678
104637551
104637058
104636944
104636747
104635480
104635293
104634951
104634745
104634616
104634381
104634190
104634087
104633955
104633834
104633318
104628643
104596494
104592596
104591848
104591669
104591332
104591113
104590510
104589640
104578531
104578468
104578336
104578292
104578197
104577892
104577588
104574797
104570595
104568433
104559752
104558534
104555783
104555314
104537295
104536955
104535015
104534992
104534956
104534922
104534888
104534863
104534838
104534813
104534768
104530681
104530285
104529530
104529316
104528960
104527983
104526265
104523682
104523557
104522311
104518541
104518521
104515281
104496322
104495468
104495371
104494953
104494140
104493839
104490750
104490687
104490590
104490532
104490489
104489661
104485943
104485908
104485895
104482926
104478748
104477389
104477250
104477182
104475689
104475658
104475640
104475621
104475554
104475544
104475538
104475428
104475388
104475280
104475243
104475205
104475150
104475133
104475082
104475013
104474449
104474433
104474422
104474387
104474365
104474359
104474343
104474324
104474148
104474068
104474024
104473866
104473826
104473812
104473786
104473561
104473429
104473363
104473138
104473121
104467300
104467057
104466870
104466668
104465118
104465012
104464786
104464705
104464549
104464274
104464151
104463813
104463478
104463286
104462949
104462518
104461971
104461871
104461623
104461479
104461308
104461147
104460639
104460534
104460314
104460167
104459977
104459549
104459299
104459173
104458944
104458651
104458216
104457939
104457804
104457777
104457745
104457642
104457599
104457583
104457447
104456887
104456879
104456765
104456699
104456680
104456501
104456499
104452718
104449847
104447401
104444189
104438890
104435439
104434909
104434866
104434819
104434782
104434749
104434708
104434648
104434556
104434527
104434479
104434444
104434422
104434404
104434301
104434270
104434232
104434213
104434183
104434024
104433540
104432674
104431179
104427895
104424263
104424007
104423829
104423625
104423525
104423155
104415128
104415049
104414943
104414829
104414632
104414021
104412016
104411535
104411124
104411042
104410935
104410874
104410776
104410723
104410645
104410601
104410546
104410505
104410458
104410397
104410329
104410234
104410146
104410014
104409911
104409826
104409804
104409696
104409498
104409432
104409377
104407996
104407914
104407771
104407613
104407226
104406813
104406565
104405575
104405288
104405194
104405135
104404888
104404241
104404093
104403939
104403641
104403579
104403550
104403529
104403523
104403486
104403342
104403276
104403099
104402854
104402643
104402568
104402492
104402091
104402038
104401926
104400515
104398611
104397448
104396248
104395102
104394535
104394064
104394042
104393304
104392718
104392628
104392588
104392560
104392504
104392447
104392377
104392191
104391488
104388274
104388073
104387930
104387679
104387400
104384582
104384338
104383946
104381676
104381620
104381422
104379875
104379816
104378063
104377024
104374685
104374595
104374473
104374364
104374190
104373859
104372577
104372130
104371995
104371914
104367821
104367703
104367424
104365994
104365363
104365106
104364986
104364798
104364626
104362096
104361891
104358635
104351248
104349514
