107433387
107433084
107432934
107432857
107432745
107432579
107432475
107432369
107314282
107312946
107312435
107312123
107311237
107310713
107310481
107308948
107308801
107307770
107306802
107306655
107306443
107306200
107284538
107205219
107200996
107200916
107200826
107200686
107200508
107200429
107200045
107199986
107199885
107199784
107199725
107166505
107166412
107166313
107130454
107082203
107080691
107054778
107053990
107052412
107052203
107051967
107051833
107051562
107051261
107050535
107050443
107049983
107049681
107049394
107049287
107042123
107039756
107039452
107038884
107038266
106942129
106941861
106941007
106940775
106939355
106934547
106934489
106924412
106885373
106885269
106871949
106871942
106871936
106871934
106838984
106836654
106836566
106836472
106789761
106789715
106789661
106788657
106788623
106788579
106788547
106777470
106753493
106752916
106751675
106750934
106750649
106750322
106749639
106747600
106747564
106747494
106720624
106681020
106680451
106680252
106680068
106679798
106679604
106679601
106679377
106679001
106678639
106678205
106678025
106677700
106677133
106676902
106676410
106676249
106676005
106675783
106675175
106674408
106674169
106665066
106664936
106664878
106664837
106664786
106664717
106664681
106664630
106664577
106664485
106664447
106664410
106664353
106664303
106664136
106664035
106663602
106629936
106629673
106628418
106598920
106598888
106598854
106598318
106590098
106590049
106588202
106588151
106587977
106581658
106581022
106551804
106519652
106519365
106519201
106518963
106518723
106518393
106518220
106518148
106517752
106517595
106517483
106515267
106514324
106514013
106513668
106500666
106500590
106500393
106500266
106499804
106455910
106428138
106427879
106427483
106424815
106424754
106422991
106422853
106422559
106422488
106422410
106422345
106422086
106421594
106421516
106421192
106421105
106421019
106420769
106420677
106420332
106420047
106419890
106419805
106419617
106418926
106418607
106418183
106417815
106417634
106417483
106417286
106416955
106416748
106416572
106416377
106416285
106416224
106415932
106415823
106415526
106415372
106415088
106414968
106414724
106414539
106414476
106414293
106414128
106413941
106413726
106413544
106411270
106411166
106410360
106410114
106409118
106408328
106391933
106391917
106391901
106391886
106391866
106391845
106391789
106391772
106391729
106384110
106352218
106352073
106345207
106345139
106340695
106339450
106338247
106335396
106334968
106334288
106334261
106334219
106334187
106334160
106334109
106328040
106306557
106306080
106305555
106288060
106287657
106285510
106285467
106285400
106285348
106285296
106285257
106285204
106285133
106285096
106285068
106285020
106284976
106284916
106284841
106284804
106284727
106284683
106284651
106284460
106268886
106268846
106268802
106268759
106268731
106268703
106268657
106268626
106268593
106268549
106268518
106268479
106268451
106268409
106268130
106268091
106268061
106268037
106268001
106267970
106266501
106266470
106266441
106266411
106266380
106266336
106266302
106266269
106266233
106266202
106266164
106266126
106266101
106266063
106266033
106265987
106265962
106265945
106265918
106265898
106259532
106259393
106259364
106259276
106255912
106255445
106255317
106254171
106245837
106245505
106245450
106245017
106244957
106244407
106244260
106238590
106238221
106238095
106237964
106237604
106237372
106237176
106236802
106236259
106220300
106167123
106088656
106084661
106062820
106062523
106062115
106061888
106047811
106046162
106034646
106033824
106031410
106029739
106029710
106026613
106024043
106023780
106008533
106008490
105980414
105980385
105980271
105979465
105978578
105977126
105976511
105976265
105975930
105975309
105975129
105974629
105973964
105973599
105973315
105972986
105972757
105972308
105972060
105971931
105971307
105969269
105964895
105964758
105964645
105964508
105962963
105962892
105962688
105960693
105959929
105959055
105932834
105932638
105932579
105932512
105932450
105932332
105932269
105928789
105927664
105925681
105925441
105925365
105925324
105925276
105924611
105924534
105924482
105924391
105924301
105924221
105924115
105920111
105916354
105916064
105915887
105915157
105914553
105914545
105914438
105914317
105914165
105914142
105913863
105909717
105908150
105907490
105906620
105906292
105906284
105906002
105905153
105904742
105901578
105901097
105896420
105890844
105890809
105890766
105890514
105890400
105888729
105882562
105881913
105881767
105879901
105879827
105879663
105874731
105755889
105753220
105753124
