110148397
110145323
110144492
110144474
110144442
110144419
110144392
110144372
110144350
110144326
110144303
110143526
110140067
110139780
110129378
110122460
110119231
110116682
110115852
110105519
110102613
110102519
110102429
110102366
110095321
110092963
110092062
110092020
110091798
110091576
110091399
110091197
110090795
110089004
110085650
110085400
110084801
110083491
110083338
110083317
110082519
110080604
110075264
110075057
110072351
110069042
110066263
110061341
110060278
110049671
110042767
110042111
110041837
110041549
110041501
110040581
110040458
110040304
110039498
110038962
110038512
110037500
110036785
110031591
110030552
110026381
110024425
110023453
110022523
110018610
110018538
110017131
110015943
110015641
110015559
110015500
110015424
110015351
110015273
110014943
110013598
110013452
110011246
110010662
110001961
109965521
109960503
109954490
109950567
109947494
109947286
109947231
109944118
109942421
109942326
109940227
109935435
109934468
109933960
109933843
109933712
109933620
109933534
109933383
109933317
109933174
109933102
109933013
109932933
109932805
109932551
109932013
109931225
109930806
109930757
109930691
109930594
109930487
109925813
109924287
109924089
109923611
109918128
109917045
109911201
109905252
109904581
109904330
109904162
109903697
109903604
109903586
109903525
109903491
109903438
109903427
109903361
109903307
109903306
109903213
109903195
109903089
109903065
109903035
109902966
109902948
109902689
109902633
109902186
109901352
109899786
109897054
109896889
109893888
109891194
109890154
109886247
109885159
109883903
109883262
109883230
109882366
109881264
109878755
109877137
109876044
109873201
109871710
109869722
109867847
109867548
109867324
109866149
109866083
109866038
109865940
109865891
109865811
109865812
109865761
109865717
109865666
109865652
109865472
109865392
109865389
109865319
109865196
109865186
109865090
109865033
109864957
109864946
109864890
109864841
109864796
109864777
109864711
109864653
109864605
109864557
109864502
109864450
109864396
109864288
109864274
109864264
109864254
109864207
109864116
109864069
109864018
109863995
109863994
109863974
109863919
109863858
109863810
109863795
109863730
109863692
109863645
109863531
109863496
109863439
109863391
109863332
109863146
109863081
109863021
109862955
109862875
109862714
109862609
109862531
109862410
109862360
109862286
109862228
109862132
109862047
109861974
109861929
109861917
109861871
109861822
109861787
109861708
109861629
109861507
109861440
109861284
109861235
109861169
109861094
109861046
109860958
109860906
109860887
109860683
109860457
109859307
109858461
109857952
109857226
109856599
109854968
109854193
109853822
109853477
109853298
109853089
109852826
109852477
109851817
109851785
109851746
109851359
109849217
109844097
109838636
109837949
109837833
109837751
109837655
109837625
109837584
109837409
109837203
109836489
109836128
109835906
109835746
109835253
109834064
109833729
109830573
109829022
109828158
109827892
109827807
109826513
109826424
109826373
109823436
109823012
109822826
109822737
109821046
109818187
109817999
109817631
109809727
109797077
109796756
109796711
109794039
109790708
109789964
109780786
109780667
109780308
109778806
109775995
109775827
109773565
109772936
109769137
109764955
109764726
109764486
109764370
109760368
109760138
109759774
109756745
109755251
109754732
109754439
109753981
109753969
109753767
109748986
109748088
109746570
109746338
109746057
109745592
109745480
109745069
109742753
109742656
109742630
109742553
109742474
109742415
109740289
109740260
109740218
109740131
109740117
109740093
109740089
109740063
109739962
109739926
109739903
109739871
109739835
109739803
109739723
109739576
109739540
109739472
109739437
109739403
109739362
109739336
109738877
109738776
109738696
109738640
109738597
109738573
109738565
109738531
109738505
109738466
109738426
109738376
109738326
109738317
109738288
109738263
109738223
109738089
109738045
109737857
109737818
109737790
109737792
109737763
109737705
109737674
109737503
109737245
109736765
109735937
109735612
109734848
109732430
109731130
109730774
109728396
109727476
109727121
109727075
109727008
109726542
109726024
109725736
109725017
109724733
109724680
109724421
109724283
109724046
109723780
109721835
109721671
109721177
109720999
109720961
109720745
109720606
109720111
109719843
109719696
109719558
109719351
109718989
109718717
109718657
109718574
109718233
109716943
109715959
109715474
109715458
109715170
109715110
109715102
109714881
109714879
109714851
109714824
109714804
109714775
109714695
109714682
109714672
109714650
109714622
109714584
109714473
109714469
109714448
109714432
109714416
109714407
109714167
109714026
109712614
109712540
109712491
109712466
109712357
109712260
109712216
109712171
109712014
109711669
109711581
109710830
109710693
109710496
109710458
109710187
109710140
109709990
109709873
109709861
109709780
109709442
109708617
109708515
109703556
109703482
109703249
109703173
109702495
109702445
109702399
109702346
109702273
109702226
109702166
109702134
109701908
109701491
109701448
109701308
109701208
109701156
109701112
109701057
109701010
109700959
109699882
109699060
109697384
109696333
109696221
109695594
109695395
109695137
109693907
109693447
109693395
109693223
109692884
109692673
109692472
109692208
109692174
109692021
109691921
109691842
109691768
109691359
109689673
109688690
109685810
109684516
109684386
109683790
109683677
109683481
109681988
109681700
109681538
109681232
109681032
109680900
109680611
109680240
109680040
109679912
109679332
109678311
109678294
109677738
109677590
109677458
109677382
109677168
109677103
109676885
109676813
109676643
109676631
109676508
109676408
109676369
109676351
109675948
109675620
109675530
109675469
109675448
109675274
109675104
109675049
109674200
109674110
109673861
109673289
109673279
109673237
109673089
109672506
109672404
109671601
109671027
109670484
109670412
109667880
109667632
109667556
109667487
109667389
109667369
109667278
109666718
109666557
109666427
109666117
109665982
109664613
109664156
109664101
109664040
109663695
109663660
109663630
109663591
109663455
109663430
109663387
109663293
109663282
109662985
109662951
109662881
109662836
109662795
109662777
109662754
109662717
109662670
109662298
109662087
109662049
109661939
109661895
109661820
109661781
109661733
109661681
109661542
109661193
109661149
109661099
109660813
109660759
109660708
109660269
109659732
109659700
109659659
109659548
109659487
109659429
109659202
109659077
109658398
109658323
109657959
109657912
109657872
109657843
109657689
109657512
109657458
109657418
109657334
109656654
109653299
109653039
109651238
109650259
109649049
109644717
109643578
109641363
109633235
109630442
109630396
109630381
109630356
109630297
109630281
109630269
109630252
109630202
109630181
109630105
109630091
109630077
109630060
109630046
109630025
109630018
109630007
109629975
109629959
109629946
109627501
109627403
109625269
109622553
109621457
109621401
109619328
109619183
109597817
109595529
109592750
109590820
109590727
109589343
109588194
109585869
109581849
109578950
109578850
109577004
109576836
109572672
109571410
109570834
109570634
109568914
109568032
109564123
109563685
109562509
109561342
109557482
109554784
109554714
109554276
109554189
109554007
109553472
109553128
109552127
109551971
109551366
109550741
109546658
109544992
109544011
109542459
109538663
109537786
109537731
109537616
109537536
109537450
109537272
109533854
109533787
109533642
109533576
109531801
109531481
109531386
109530978
109530758
109529839
109529240
109528832
109528815
109528671
109528564
109527378
109526304
109526015
109525194
109525051
109525007
109520632
109520620
109520597
109520577
109520567
109520545
109520531
109520516
109520504
109520491
109520476
109520458
109519695
109511064
109511015
109510975
109510680
109510507
109509640
109507808
109501853
109500543
109498305
109491668
109491453
109491441
109485546
109485347
109483519
109483263
109482311
109482310
109475865
109475767
109475307
109468831
109467300
109463150
109451611
109445643
109445630
109445585
109445562
109445547
109444786
109444697
109444686
109444663
109444630
109444453
109444392
109444344
109444322
109444287
109444231
109444182
109444161
109444093
109443872
109443854
109443767
109443731
109443714
109443694
109443642
109443590
109443525
109443468
109443438
109443313
109443203
109443055
109442961
109442913
109442835
109442716
109442632
109442566
109442469
109442418
109442361
109442290
109442231
109442125
109441957
109440476
109440438
109440369
109440271
109436994
109436781
109436751
109436700
109436682
109436629
109436526
109436399
109436340
109436237
109436137
109435246
109433736
109433206
109430720
109429601
109427482
109421939
109421666
109421488
109421297
109420884
109420760
109420679
109420406
109420293
109420207
109420106
109419905
109419388
109415927
109415492
109414123
109411242
109409501
109409331
109408411
109407720
109407444
109404311
109403119
109402109
109398277
109396906
109396521
109396247
109395876
109394574
109392865
109390068
109389555
109384222
109382755
109382681
109382558
109382376
109382282
109382212
109382078
109381917
109381111
109381053
109381038
109381003
109380774
109380325
109379784
109379734
109379595
109379582
109379578
109379430
109379417
109379392
109379159
109379124
109379065
109370051
109369434
109368792
109362931
109359421
109359244
109354930
109353118
109349351
109346390
109345676
109345588
109345456
109345443
109339996
109335802
109331863
109331839
109330742
109329445
109322132
109321885
109321481
109321419
109301637
109300515
109292797
109292478
109289160
109288777
109288675
109288444
109288372
109288161
109288076
109287955
109287280
109286974
109285933
109285727
109283029
109282681
109280017
109279960
109279220
109278529
109278451
109264484
109264055
109263904
109263620
109263534
109263298
109262658
109262568
109262510
109262443
109262342
109262302
109262255
109262241
109262173
109262137
109262071
109262021
109260791
109260577
109260276
109257923
109257653
109257415
109257341
109257247
109257151
109257055
109256762
109256675
109256362
109254718
109254564
109254374
109254257
109254146
109254071
109253992
109253917
109253857
109253756
109253710
109252681
109252492
109252209
109251878
109250847
109250303
109250258
109249816
109246379
109246337
109246287
109246242
109246144
109246113
109246069
109246006
109245942
109245922
109245892
109245856
109245824
109245789
109245698
109245634
109245624
109245569
109245527
109245497
109245335
109245262
109241777
109239236
109238142
109235728
109235111
109234235
109233779
109228776
109224309
109222711
109221526
109221456
109221195
109217177
109215657
109215167
109215152
109215143
109215127
109215112
109215089
109215075
109215061
109215046
109215030
109215014
109214998
109214986
109214968
109214945
109214922
109214903
109214887
109214874
109214841
109214826
109214811
109214800
109214785
109214771
109214749
109214740
109214731
109214716
109214709
109214691
109214676
109214664
109214661
109213580
109210991
109210529
109203374
109200353
109193619
109193509
109193359
109187127
109185922
109178136
109178007
109177849
109177230
109172360
109171478
109168703
109155694
109155646
109155635
109155622
109155598
109144228
109144011
109139589
109132788
109132280
109129445
109125980
109119233
109115601
109111391
109111197
109110940
109108988
109107678
109107567
109107491
109107275
109107168
109107104
109105525
109104873
109104084
109102572
109102309
109102091
109101993
109101873
109101368
109101275
109101061
109100969
109100707
109100582
109100337
109100073
109099965
109099490
109098819
109096927
109093341
109091834
109090356
109090353
109089085
109082715
109082435
109082291
109081856
109081220
109080717
109080447
109075769
109075470
109075223
109074407
109073245
109072849
109070874
109069466
109069301
109069140
109067156
109066266
109065061
109064454
109064386
109064173
109062618
109057022
109055615
109055119
109049063
109048857
109043433
109043377
109042992
109042776
109042500
109031652
109030021
109028893
109028748
109028580
109028550
109028536
109028499
109028318
109028225
109028138
109028033
109028007
109027531
109021534
109020857
109015956
109013542
109013511
109013478
109013426
109013400
109013385
109013338
109013309
109013278
109013231
109013160
109013121
109013092
109013058
109012994
109009033
109009006
109008988
109008941
109008880
109008810
109008788
109008146
109008040
109007818
109007559
109007275
109007114
109007054
109007022
109004836
109000147
108999177
108999162
108999160
108999154
108999150
108999147
108999138
108999118
108999093
108999088
108999074
108998224
108998204
108998188
108998088
108998052
108998037
108997998
108997980
108997968
108997942
108997937
108997934
108997932
108997927
108984885
108983290
108982513
108981952
108981858
108981001
108980465
108980396
108980258
108980090
108979109
108979031
108978671
108978585
108978499
108978399
108978394
108978182
108978122
108978018
108977826
108977416
108977197
108976899
108975531
108974959
108974301
108973756
108972985
108972689
108972646
108972205
108971772
108971504
108971279
108971126
108970943
108970575
108970034
108970024
108969957
108969753
108969093
108968594
108967726
108966984
108966911
108966304
108965838
108965687
108965294
108964479
108963357
108963212
108962717
108962335
108961977
108960952
108959994
108958754
108958602
108958511
108958310
108957204
108956662
108955771
108955466
108955422
108955224
108952626
108951589
108951432
108948625
108948182
108948098
108947859
108946345
108945200
108944708
108943897
108943693
108943421
108942456
108940904
108940777
108940504
108940419
108940267
108940126
108939991
108939955
108939736
108939721
108939590
108939471
108939331
108939290
108939208
108939178
108939106
108938905
108938784
108937059
108936747
108936602
108936423
108936342
108936194
108936124
108936043
108935942
108935886
108935027
108933846
108933699
108933621
108933266
108932713
108932603
108932305
108932267
108932171
108931876
108931861
108931790
108931777
108931615
108931614
108931557
108931521
108931501
108931408
108931356
108931227
108931205
108931172
108931166
108930951
108930696
108930679
108930595
108929911
108929871
108929836
108929802
108929751
108929665
108929606
108929419
108929407
108929304
108929277
108929243
108929162
108929153
108929061
108928653
108928642
108928602
108928571
108928415
108928388
108928307
108928149
108928043
108927974
108927957
108927926
108927771
108925220
108924976
108924102
108923101
108922877
108921715
108917924
108917580
108917117
108916726
108916483
108916193
108916188
108916066
108915897
108915599
108915358
108915269
108915229
108912644
108908299
108906987
108902885
108901491
108901010
108900613
108900432
108899055
108897877
108895073
108894913
108894464
108894162
108892519
108892112
108892056
108891775
108891461
108889999
108885092
108882721
108877156
108876927
108876897
108876276
108875784
108873290
108872185
108871751
108871327
108871112
108870492
108870453
108869643
