112457117
112456978
112456926
112456768
112456628
112435138
112319697
112319476
112240327
112232744
112154642
112142370
112128769
112099243
112099186
112067494
112065404
112063874
112062997
112061735
112057267
111985080
111975405
111969827
111933663
111870519
111834808
111833613
111833010
111826376
111824216
111823979
111823517
111823163
111823100
111822788
111822421
111822291
111822263
111821272
111820769
111820555
111818873
111816433
111814444
111812583
111809985
111801250
111798683
111797862
111792735
111792216
111791650
111786536
111785945
111781973
111766542
111766470
111766329
111758435
111753821
111753374
111748943
111748751
111745830
111743791
111743737
111743686
111743397
111739870
111739651
111736835
111736534
111729462
111726600
111723344
111708182
111705708
111705670
111704412
111702230
111702021
111690924
111678923
111666646
111663784
111663704
111660297
111656112
111654670
111653954
111653228
111635674
111621512
111620081
111619837
111617153
111613361
111606405
111606386
111600759
111599784
111598657
111598178
111597420
111592978
111588520
111583424
111581842
111581604
111580393
111575020
111572353
111568574
111567891
111558652
111555356
111555235
111544916
111544895
111543989
111541678
111524333
111520803
111519618
111517026
111516650
111516179
111515573
111510004
111509760
111508771
111508397
111507570
111507446
111506755
111504747
111504555
111502467
111500296
111494852
111490833
111490702
111487846
111487831
111486786
111482330
111481983
111481910
111481050
111480886
111480633
111479410
111479384
111470573
111470442
111470309
111470210
111462619
111460171
111457245
111454310
111447083
111446946
111445538
111444608
111443847
111441840
111441074
111440598
111436207
111435295
111433632
111433510
111427232
111426171
111414679
111414583
111414398
111414094
111413105
111413101
111409713
111409473
111407405
111406947
111406529
111405740
111404831
111402696
111391570
111384420
111382256
111381331
111377586
111363821
111360214
111354238
111353629
111347876
111345785
111345480
111345410
111344723
111344616
111343930
111343244
111342847
111341591
111337314
111331950
111331712
111331706
111331232
111330967
111329724
111326557
111326039
111325751
111325537
111325395
111322975
111321235
111319602
111319344
111318749
111318624
111318464
111318389
111316853
111316627
111298341
111294525
111290913
111290215
111289413
111283760
111275888
111275517
111275002
111273406
111270134
111269788
111269756
111251282
111226676
111201803
111194580
111194463
111192244
111191718
111189882
111183970
111180686
111177970
111177904
111174051
111173844
111173343
111166887
111165392
111163563
111156577
111154082
111151377
111148132
111146156
111143667
111139960
111133493
111133022
111132620
111131220
111128749
111126426
111123979
111109746
111109206
111098399
111081058
111079296
111078394
111070155
111067518
111066047
111062055
111061560
111055939
111044673
111044159
111043813
111039121
111038257
111038247
111037324
111037313
111036287
111034727
111033947
111033894
111033820
111033514
111033334
111033049
111032870
111032458
111032016
111031160
111027232
111026715
111024095
111022343
111009698
111004845
110985260
110981762
110979828
110974406
110965089
110946108
110934365
110933502
110933283
110925288
110914798
110912030
110911485
110902899
110898005
110885754
110885357
110884276
110883183
110880434
110875206
110874519
110866629
110864824
110863191
110860724
110859721
110850200
110849457
110849201
110848923
110842262
110841940
110841808
110841465
110839631
110831793
110831234
110828738
110828475
110826395
110812767
110799879
110798364
110783867
110755202
110750795
110750727
110750567
110744613
110742278
110734759
110733322
110728849
110724660
110712911
110691317
110690936
110690214
110690025
110686997
110681876
110681379
110679143
110667946
110660770
110658015
110651641
110647392
110641822
110638194
110632014
110620856
110620788
110618551
110601281
110601265
110601243
110601163
110601151
110601136
110601120
110601106
110601090
110588573
110578272
110574271
110561931
110561012
110560333
110556737
110553085
110548304
110546095
110542780
110541107
110540435
110540246
110529224
110528715
110522052
110511001
110508155
110507928
110504872
110500506
110498921
110496320
110493791
110490636
110490154
110484452
110481480
110476750
110467123
110467089
110467055
110464752
110464666
110464315
110463814
110463667
110463471
110463465
110462976
110462914
110455018
110454994
110454725
110449240
110434483
110423295
110423095
110422815
110422607
110412211
110412026
110411938
110411846
110411638
110411084
110410940
110410754
110410577
110410058
110408220
110396522
110395270
110391657
102771780
110387284
110386315
110385744
110384726
110382644
110381187
110375367
110366732
110366331
110360974
110358292
110358122
110357685
110354614
110353797
110350834
110349766
110347495
110347399
110347212
110347097
110342826
110342711
110331471
110330916
110329807
110303148
110303080
110302839
110302587
110298044
110285250
110282199
110282066
110279653
110278810
110270899
110270847
110268536
110255332
110253172
110252922
110248899
110231977
110231069
110230705
110230189
110229835
110226318
110226199
110225717
110225418
110223720
110215702
110203701
110200855
110194150
110184376
110184150
110183935
