114459839
114456893
114455943
114455831
114455705
114455626
114455555
114455436
114425123
114417216
114408508
114404852
114404600
114402016
114401929
114401853
114401776
114401663
114401599
114401531
114401167
114394683
114388431
114362594
114362230
114361997
114361736
114361545
114345954
114345763
114344489
114344406
114343845
114343010
114341244
114340800
114340708
114340400
114339739
114286336
114276808
114270995
114265567
114262857
114262842
114262799
114262790
114262776
114262763
114262750
114262738
114262723
114262711
114262700
114262695
114262685
114262680
114262659
114262625
114262607
114262601
114262580
114262422
114262403
114262391
114262378
114262367
114262366
114262338
114262080
114262047
114262039
114261720
114261514
114261496
114261485
114261464
114261471
114261455
114261384
114261373
114261367
114261357
114261338
114261320
114261315
114261303
114261292
114261282
114261194
114261175
114261164
114261150
114261134
114261117
114261061
114261051
114261029
114261012
114260999
114260905
114260889
114241195
114240981
114240682
114231603
114231507
114231443
114231336
114231259
114231168
114231032
114230958
114230873
114230713
114221830
114219995
114219793
114209286
114204086
114194763
114156731
114156437
114120033
114120007
114119954
114119889
114119263
114114456
114114237
114114156
114114087
114114018
114113941
114113364
114109337
114096309
114096095
114096070
114096041
114096016
114095956
114095942
114095889
114095870
114095788
114081235
114081125
114073164
114072327
114071369
114071294
114071243
114054310
114048441
114047689
114040017
114039038
114033571
114033419
114032712
114027645
114027502
114027477
114027434
114027420
114027397
114027276
114027251
114027232
114027203
114027163
114025501
114019396
114007281
113996739
113993456
113988708
113982562
113948705
113932517
113928459
113927563
113924588
113920358
113912518
113912474
113912434
113912388
113912337
113912302
113912253
113912206
113912154
113912109
113912059
113912010
113911967
113911875
113911841
113911788
113911742
113911690
113891458
113891386
113891339
113891277
113891231
113882758
113876216
113876178
113876113
113876079
113875976
113875931
113875896
113875863
113875828
113875795
113875561
113875509
113875480
113875432
113875386
113875347
113875339
113875301
113875238
113875201
113875159
113873383
113873330
113873279
113873230
113873189
113873156
113873081
113873034
113872987
113872943
113872921
113872822
113872787
113872734
113872684
113872643
113872605
113872559
113872528
113872475
113866380
113862185
113857104
113848965
113830237
113823136
113811380
113811351
113811328
113811300
113811270
113806238
113782135
113781766
113781114
113780812
113779925
113767466
113762919
113762637
113760769
113760594
113758010
113737044
113717518
113695834
113689547
113689292
113672739
113672648
113672559
113672494
113672348
113672294
113672168
113672084
113672007
113671910
113671851
113671765
113671712
113671638
113671311
113671232
113670539
113669977
113669886
113669747
113669647
113669550
113669426
113669267
113668096
113657403
113653391
113652552
113648907
113643373
113642181
113571822
113571763
113569664
113548187
113547395
113544612
113539116
113531258
113531235
113531219
113521149
113512888
113504401
113499427
113497112
113490360
113489787
113478738
113478614
113478363
113477862
113477592
113477456
113476577
113473183
113473110
113472998
113472420
113465225
113460279
113442173
113432595
113424633
113408061
113406911
113404868
113404699
113404567
113383496
113383262
113368522
113361053
113354605
113346917
113345639
113344214
113343435
113341592
113340776
113340764
113340717
113340682
113340647
113340562
113340552
113340545
113340532
113340161
113333573
113330670
113330526
113330504
113330473
113330273
113330210
113330197
113330177
113329770
113329726
113329268
113328522
113328386
113328276
113328237
113328048
113327742
113327504
113327342
113318962
113278886
113278679
113263797
113263741
113256776
113251286
113242654
113242047
113231935
113229275
113228357
113223752
113223020
113222903
113211478
113211208
113203033
113202111
113191554
113178712
113178441
113175312
113174761
113169302
113166376
113164546
113144966
113137163
113126040
113083382
113073733
113037736
113037706
113037628
113037588
113037573
113037343
113037300
113033756
113033742
113033721
113033706
113032096
113032039
113031985
113031924
113027540
113027494
113026928
113026705
113025532
113025528
113024059
113019814
113013334
113012737
113012702
113012351
113009278
113004457
113001099
113000538
112996951
112994051
112988547
112986306
112986275
112986185
112986145
112968826
112968697
112961261
112959183
112958150
112952863
112947513
112947387
112945027
112944906
112944694
112944617
112944477
112944396
112944005
112942718
112942704
112942211
112941762
112938817
112926343
112912018
112904457
112893524
112890027
112887513
112881605
112881032
112876502
112871682
112867284
112863604
112860237
112859360
112858840
112858763
112858697
112858643
112858105
112857708
112857618
112857287
112857217
112856557
112856390
112855771
112855697
112855626
112855420
112854726
112854673
112853631
112850603
112839035
112836761
112836620
112832511
112829244
112825705
112811586
112809630
112804507
112803400
112799756
112799394
112799213
112798859
112798586
112798333
112797991
112797602
112797288
112796830
112796303
112795857
112795324
112794655
112794213
112783310
112782526
112782473
112782404
112782295
112782208
112782020
112781935
112781853
112781381
112779830
112778929
112771182
112763472
112761542
112758334
112756761
112755665
112748194
112742701
112742408
112742141
112741959
112741777
112739795
112739482
112739459
112739417
112739325
112739283
112739246
112735572
112734572
112730575
112730549
112730519
112730483
112730359
112730336
112730304
112730242
112730209
112730064
112730034
112729985
112729889
112729876
112725355
112720528
112719868
112718469
112715816
112715038
112714030
112713219
112712240
112708395
112708302
112707831
112701768
112701558
112700276
112700029
112699986
112699874
112699858
112699848
112699767
112699647
112699609
112699212
112699197
112699142
112699126
112699121
112699111
112699105
112699097
112699089
112699066
112699031
112697504
112697494
112697484
112697354
112697219
112697076
112696782
112696430
112696351
112696316
112696303
112696300
112696286
112695529
112695514
112695303
112695247
112695202
112695173
112695017
112694972
112694960
112694928
112694852
112694830
112694790
112694540
112689944
112686091
112685252
112682403
112679825
112679804
112679796
112679778
112679774
112673712
112673693
112673687
112673681
112673679
112673676
112673672
112673664
112673657
112673654
112673652
112673651
112673647
112673640
112673634
112673628
112673617
112673613
112673610
112673556
112673537
112673519
112673458
112673407
112652900
112651614
112650725
112650515
112650212
112648761
112645503
112640678
112640446
112638081
112637744
112628598
112628053
112627528
112627125
112626538
112626291
112626214
112622798
112622421
112620738
112617355
112611863
112610212
112607401
112603957
112603455
112603175
112602069
112601028
112600674
112600143
112593159
112591196
112589179
112585687
112578162
112578133
112578119
112578101
112578072
112578051
112578044
112578024
112578013
112578005
112577993
112577979
112577943
112577936
112577913
112577881
112577869
112577844
112577819
112577803
112577764
112577756
112577740
112577731
112577703
112577688
112577672
112577650
112577639
112577619
112577592
112577581
112577541
112577534
112577522
112577509
112577493
112577484
112577464
112577451
112577416
112577400
112577389
112577379
112577350
112577309
112577298
112577275
112577257
112577238
112577228
112577219
112577209
112577179
112577170
112577164
112577159
112577133
112577118
112577093
112577060
112577018
112576998
112576981
112576926
112576580
112576059
112575968
112575330
112575245
112575202
112574926
112574757
112573961
112572667
112563966
112563883
112561123
112560792
112558636
112553509
112552823
112552020
112551094
112550525
112549599
112549533
112549477
112549218
112548801
112548273
112548194
112543204
112539897
112539477
112539302
112539045
112536785
112536681
112536617
112536575
112536519
112536489
112536395
112535473
112535362
112533733
112533568
112531436
