117112320
117112258
117026925
117025867
117025685
117022881
117022543
117021707
117020013
117019067
117018758
117018560
117018359
117017982
117004266
117001616
116804380
116804355
116804181
116804167
116804130
116804110
116804094
116804054
116804027
116803996
116803982
116803972
116803953
116803931
116803918
116803901
116803889
116803869
116803839
116803819
116803801
116803774
116803761
116803570
116803547
116803525
116803406
116803376
116803353
116803342
116803297
116803286
116803270
116803256
116803217
116803203
116803186
116803156
116777589
116777535
116777417
116777358
116777248
116717571
116665012
116664981
116562365
116550115
116550060
116550009
116549874
116549768
116549726
116549631
116546723
116546536
116546247
116544010
116543930
116543872
116543797
116543704
116543605
116543540
116543454
116542702
116542628
116542567
116542465
116542383
116542317
116542254
116542154
116541960
116541501
116541206
116541046
116536597
116536537
116536462
116536406
116536339
116536239
116536133
116518461
116518024
116517693
116517602
116517499
116517010
116499067
116361617
116333286
116333072
116333050
116333030
116332996
116332977
116332937
116332913
116332893
116332876
116332853
116332831
116332797
116332748
116332728
116332703
116332674
116332647
116332600
116332576
116332554
116332529
116332489
116332455
116332427
116331915
116331898
116331886
116331867
116331844
116331820
116331801
116331781
116331766
116331735
116331721
116331694
116331655
116331627
116331607
116331587
116331570
116331545
116331534
116331512
116331495
116331470
116331453
116331435
116331415
116330681
116302107
116302091
116302078
116302061
116301982
116301971
116301953
116301935
116301910
116301885
116301858
116301832
116301815
116301793
116301763
116301751
116301735
116301706
116301691
116301681
116301669
116301654
116301361
116301076
116292295
116270382
116270313
116270242
116270186
116270143
116270051
116269985
116269937
116269821
116269768
116269707
116269633
116269536
116269494
116269447
116269408
116269332
116268694
116268581
116268358
116267267
116267125
116266985
116266678
116266051
116265541
116264701
116264466
116264263
116264086
116263938
116263609
116263231
116122387
116122185
116122015
116121999
116121952
116121931
116121908
116121883
116121805
116121653
116121627
116121600
116121572
116121551
116121516
116121496
116121472
116121449
116121409
116121396
116121326
116121312
116121295
116121272
116121252
116121219
116121182
116121156
116121147
116121127
116121112
116121096
116121080
116121064
116121048
116121030
116121011
116120992
116120976
116120965
116120951
116118348
116118335
116118322
116118305
116118284
116118266
116118248
116118223
116118211
116118088
116118074
116118051
116118032
116118015
116117983
116117965
116117939
116117888
116117837
116117823
116117753
116117708
116117680
116117644
116117614
116117544
116117521
116117501
116117484
116117470
116116777
116116766
116116734
116116642
116116619
116116604
116116582
116116554
116116534
116116497
116116477
116116458
116116439
116116417
116116261
116116239
116116226
116116205
116116171
116116148
116116124
116116080
116116049
116116031
116115948
116115931
116115910
116115894
116107908
116107879
116107860
116085894
116085814
116085732
116085645
116085533
116085398
116085280
116064628
116064617
116064607
116064596
116064584
116064578
116064556
116064542
116064528
116064507
116064381
116064361
116064335
116064313
116064296
116064276
116064261
116064237
116064222
116064204
116064183
116064175
116064163
116064146
116064121
116064105
116064085
116064053
116064042
116064015
116063999
116063988
116063845
116063826
116063690
116063674
116063660
116063651
116063619
116063513
116063460
116063438
116063409
116063393
116063384
116063368
116063354
116063342
116063158
116063126
116063108
116063099
116063079
116063060
116063050
116063037
116063029
116063009
116062938
116062914
116062889
116062863
116062834
116062784
116062762
116062745
116062729
116062705
116062567
116062552
116062532
116062512
116062491
116062434
116062362
116062323
116062281
116062259
116062237
116062222
116062179
116062162
116062146
116062081
116062064
116062053
116062033
116062007
116061961
116061940
116061904
116061885
116061845
116061828
116061813
116061794
116061745
116061727
116061686
116061660
116061623
116061602
116061575
116061528
116061501
116061444
116058022
116058006
116057997
116057972
116057954
116057932
116057914
116057902
116057878
116057862
116057845
116057833
116057813
116049795
115881284
115881236
115881035
115880998
115880984
115880965
115880809
115880789
115880765
115880739
115880719
115880672
115880660
115838886
115810228
115810212
115810184
115810154
115810095
115810041
115810008
115809972
115809933
115809899
115809818
115809792
115809766
115809727
115809651
115809609
115809573
115809531
115809488
115809451
115809429
115809361
115809321
115809295
115809268
115809238
115809211
115809180
115809155
115809123
115809100
115809059
115809020
115808981
115808956
115808927
115808900
115808876
115808850
115808822
115808797
115808755
115808718
115808668
115808632
115808437
115808352
115808327
115808300
115805527
115805451
115805352
115805273
115805231
115805193
115805114
115805079
115805030
115804977
115804946
115804889
115804870
115804832
115804813
115804776
115804735
115804694
115804666
115804633
115804597
115804561
115804532
115804497
115802785
115802747
115802691
115802548
115802371
115802277
115802225
115802184
115802106
115802044
115801416
115801371
115801321
115801284
115801242
115801197
115801159
115801133
115801105
115801075
115801035
115800995
115800955
115800934
115800900
115748694
115719061
115719020
115718985
115718957
115718915
115718819
115718788
115718676
115718641
115718621
115718231
115718197
115718153
115718141
115718121
115718102
115718084
115718062
115718001
115717947
115717922
115717891
115717863
115717835
115717785
115717744
115717711
115717629
115717602
115717570
115717538
115717518
115717471
115717425
115717398
115717374
115717347
115717296
115717256
115717205
115717162
115717131
115717094
115717041
115717022
115716994
115716970
115716952
115716931
115716846
115716821
115716795
115716764
115716735
115716597
115716539
115716506
115716451
115716249
115716046
115715381
115715333
115715290
115715019
115714982
115714960
115714924
115714904
115714862
115714807
115714782
115714769
115714751
115714695
115714647
115714604
115714576
115714547
115714526
115714464
115714437
115714415
115714391
115714357
115714256
115714221
115714195
115714113
115714087
115714013
115713943
115695003
115694913
115694788
115694657
115694331
115694019
115693874
115693678
115693485
115693357
115693118
115690830
115690348
115690184
115689879
115685181
115685156
115685125
115685101
115685095
115685076
115685065
115685043
115685021
115685013
115684999
115684817
115684808
115684765
115684745
115684729
115684657
115684650
115684634
115684627
115684608
115684595
115684572
115684565
115684555
115684543
115684522
115684506
115684486
115684459
115684446
115684428
115684413
115684383
115684366
115684348
115684329
115684218
115684185
115684166
115684144
115684088
115684044
115684017
115684003
115683987
115683972
115683952
115683878
115683843
115683827
115683814
115683800
115683784
115683753
115683723
115683711
115683600
115683563
115683545
115683533
115683514
115683496
115683465
115683451
115683430
115683413
115683390
115683371
115683353
115683334
115683318
115683303
115683260
115683242
115683227
115683191
115683171
115683155
115683134
115683114
115683095
115683077
115683064
115683039
115683016
115682992
115682972
115682928
115682916
115682897
115682858
115682842
115682819
115682810
115682789
115682771
115682764
115682751
115682725
115682702
115682690
115682657
115682632
115682546
115681468
115681436
115681400
115681375
115681347
115681308
115681284
115681255
115681235
115681189
115681170
115681037
115635255
115635240
115635228
115635204
115635191
115635183
115635159
115635147
115635121
115635103
115577864
115577699
115577574
115577484
115577373
115577281
115577109
115576988
115576830
115545193
115545133
115545044
115544937
115544857
115544616
115544550
115540265
115539553
115539499
115539192
115538968
115538357
115538092
115537776
115537574
115537522
115537488
115537433
115537343
115388405
115375205
115375178
115375127
115375093
115375052
115375008
115374974
115374931
115374884
115374845
115374797
115374741
115374686
115374602
115374560
115374143
115363240
115351154
115351126
115351101
115350941
115350859
115350795
115350735
115350635
115350551
115350445
115350386
115350072
115349919
115349705
115349639
115349463
115349205
115341234
115336216
115336011
115335923
115335791
115335710
115335655
115335562
115335442
115335348
115335163
115333015
115332742
115332308
115332058
115331945
115331888
115308157
115308131
115308116
115308087
115308056
115308008
115307972
115307938
115307879
115307837
115306508
115295766
115295709
115295657
115295608
115294169
115294113
115293146
115292901
115292680
115256486
115256397
115256319
115256239
115256138
115243437
115243226
115243119
115242910
115241893
115238088
115237931
115237799
115237645
115237347
115237258
115237120
115236974
115236842
115236121
115235409
115234942
115206880
115206790
115206660
115176517
115176355
115176162
115176049
115175729
115175569
115175063
115174888
115174781
115174520
115174061
115173881
115173794
115173737
115173679
115173589
115173526
115173382
115173257
115173187
115172950
115172756
115172623
115171729
115171669
115171606
115171547
115171475
115171226
115169777
115169686
115169443
115169331
115169223
115169115
115168888
115168850
115168821
115168813
115168568
115168547
115168530
115168451
115168437
115168387
115168371
115168350
115168224
115168192
115161160
115161003
115136344
115136018
115135769
115135506
115135367
115135239
115135144
115134953
115134561
115134481
115134319
115134158
115133944
115133815
115133729
115133594
115133444
115133289
115087510
115087423
115087337
115087237
115086303
115064410
115062196
115055490
115055437
115034512
115031108
115026269
115016766
115016321
115016052
115015867
115015770
115015456
115015302
115015237
115015041
115014875
115014745
115014533
115014304
115014205
115013974
115013828
115013734
115007192
114990557
114990422
114990263
114989963
114989500
114971744
114971604
114971415
114971346
114971246
114971176
114971089
114970984
114970793
114970550
114970466
114970363
114970087
114969986
114969864
114969720
114969615
114969549
114969332
114969241
114969128
114969035
114968939
114968812
114968722
114968646
114968043
114920516
114920110
114920000
114919948
114919913
114919864
114919779
114915344
114909685
114909077
114891383
114870695
114866544
114866284
114862630
114862379
114862331
114862279
114862251
114862211
114862158
114862124
114862094
114862060
114862050
114862010
114861957
114861919
114861918
114861854
114861810
114861759
114861738
114861720
114861677
114861661
114861651
114861627
114861598
114861580
114861548
114861484
114861438
114861404
114861398
114861345
114861288
114861261
114861218
114861170
114861116
114861102
114861054
114861033
114860973
114860927
114860908
114860857
114860812
114860805
114860758
114860706
114860697
114860635
114860569
114860545
114860515
114860461
114860402
114860397
114860338
114860260
114860173
114860122
114860065
114860006
114859956
114859915
114859862
114859825
114859778
114859753
114859710
114859669
114859654
114859619
114859613
114859568
114859529
114859480
114859428
114859375
114859338
114859292
114859195
114859162
114859121
114859081
114859031
114859021
114859003
114858836
114858771
114858725
114858660
114858622
114858565
114858493
114858439
114858350
114858272
114858210
114858145
114858096
114858034
114857966
114857919
114857864
114857725
114857635
114857604
114857555
114857507
114857473
114857422
114857358
114857273
114857196
114857117
114857078
114857004
114856963
114856860
114856809
114856777
114856729
114856656
114856590
114856544
114856492
114856435
114856393
114856339
114856304
114856270
114856194
114856037
114855992
114855965
114855928
114855878
114855830
114855727
114855682
114855630
114854971
114854947
114854921
114854886
114854860
114854830
114854801
114854764
114854739
114854715
114854682
114854642
114854613
114854567
114854527
114854487
114854398
114854346
114854316
114854274
114854236
114854198
114854165
114854124
114854036
114853904
114853882
114853861
114853837
114853806
114853742
114853580
114853549
114850231
114849748
114828669
114820442
114820411
114820364
114820334
114820296
114810767
114810690
114810533
114810441
114810304
114810228
114808224
114801809
114800343
114797079
114797051
114797023
114796965
114796950
114796905
114796871
114796851
114796848
114796833
114796818
114796766
114796723
114796689
114796677
114796667
114796631
114796622
114796586
114796567
114796563
114796549
114796514
114796498
114796476
114796459
114796445
114796327
114796291
114796276
114796259
114796235
114796229
114796222
114796209
114796187
114796177
114796156
114796137
114796129
114796120
114796103
114796038
114796031
114796024
114796006
114795980
114795953
114795942
114795933
114795931
114795923
114795902
114795895
114795846
114795840
114795794
114795788
114795783
114795764
114795757
114795743
114795737
114795726
114795696
114795688
114795682
114795657
114795649
114795640
114795616
114795604
114795599
114795596
114795588
114795556
114795551
114795530
114795515
114795502
114795481
114795471
114795467
114795455
114795445
114795438
114795427
114795420
114795407
114772054
114772019
114771987
114771946
114771906
114771871
114771838
114771793
114771747
114771674
114771619
114771594
114771549
114771506
114771435
114771369
114771233
114771159
114771089
114771051
114771015
114770990
114770937
114770914
114770853
114770811
114770786
114770745
114770623
114770556
114769921
114769497
114767252
114763620
114763523
114763501
114763479
114763458
114763439
114763423
114763406
114763386
114763360
114743848
114743478
114742905
114742649
114742151
114742009
114736542
114736488
114736115
114735706
114735476
114735376
114735361
114735252
114735226
114735204
114735190
114735151
114735143
114735097
114735067
114735057
114735037
114734974
114734950
114734882
114734852
114734842
114734830
114734817
114734807
114734783
114734775
114734760
114734752
114734739
114734725
114734706
114734699
114734659
114734641
114734592
114734584
114727246
114727008
114726821
114726611
114725937
114724829
114723835
114723819
114723797
114723773
114723688
114723666
114723651
114723567
114723500
114723453
114723389
114723371
114723342
114723308
114723253
114723193
114723155
114723087
114723048
114722993
114722888
114722850
114722808
114722596
114719503
114719248
114719070
114718929
114717028
114712050
114711025
114695376
114695197
114694979
114694925
114694840
114694755
114694620
114694503
114694327
114694155
114694103
114689631
114689555
114689511
114689475
114689443
114689383
114686977
114686721
114686683
114686638
114686610
114686569
114686507
114686499
114686459
114686367
114686340
114686266
114686239
114686231
114686199
114686158
114686157
114686123
114686062
114686038
114686014
114685976
114685939
114685909
114685872
114685837
114685789
114685743
114685718
114685691
114685660
114685630
114685602
114685575
114685477
114685197
114675320
114674971
114674722
114674708
114673807
114673076
114673049
114673026
114673009
114672982
114665877
114665736
114665558
114665028
114664991
114664940
114664930
114664920
114664905
114664898
114664871
114664816
114664741
114664409
114664369
114664357
114664202
114664176
114664157
114664144
114664133
114664124
114664116
114664104
114664097
114664059
114664046
114664014
114663996
114663983
114663973
114663959
114663943
114663928
114663898
114663891
114663880
114663874
114663866
114662579
114652828
114651135
114651108
114651092
114651080
114651069
114651048
114651031
114651007
114650992
114650978
114650960
114650954
114585675
114584327
114584198
114584181
114584076
114583877
114583859
114583826
114583712
114583696
114583672
114583639
114583595
114583532
114583461
114583431
114583412
114583393
114583363
114583352
114583304
114583259
114579960
114576364
114576353
114576309
114576268
114576042
114576016
114575962
114575885
114575814
114575765
114575700
114575661
114575620
114575550
114575522
114573932
114573119
114573076
114573022
114572975
114572825
114570998
114569007
114568637
114568455
114567675
114567647
114567609
114567563
114567535
114567487
114567434
114564824
114564792
114564749
114564705
114564623
114564597
114564444
114560429
114551775
114551763
114551730
114551714
114551700
114551683
114551654
114551616
114551554
114551539
114551525
114551511
114551498
114551479
114551458
114551089
114550950
114550834
114550767
114550681
114550581
114550443
114550306
114550163
114549522
114549467
114549439
114549420
114549361
114549267
114549206
114549178
114549119
114549097
114549057
114549027
114548991
114548983
114548971
114548956
114548940
114548892
114548863
114548844
114548762
114548740
114548712
114548693
114548665
114548629
114548596
114548565
114548518
114548505
114548426
114548292
114548196
114548172
114548134
114548030
114547901
114547860
114547781
114547750
114547740
114547734
114547718
114547693
114547675
114547659
114547642
114547627
114547603
114547583
114538385
114536261
114534308
114534289
114534277
114534011
114533989
114533977
114533954
114533940
114533923
114533903
114509653
114505871
114505487
114505340
114502893
114502703
114502385
114501216
114500296
114500235
114499980
