120014191
120013683
120005837
120003252
120000650
120000424
120000306
119999923
119999803
119999540
119999372
119998731
119998566
119996369
119982462
119969977
119969270
119969134
119968975
119968882
119935776
119935401
119935076
119933481
119932446
119932428
119931925
119931850
119924264
119917254
119916029
119886472
119886190
119878250
119877980
119876973
119862924
119807705
119807321
119783456
119779212
119777167
119776852
119776702
119774676
119774462
119774301
119774175
119774008
119762157
119761925
119761724
119761572
119761514
119761410
119761361
119761276
119761129
119761068
119761026
119760979
119760802
119760664
119760189
119760121
119759803
119759630
119759544
119759461
119759337
119759146
119750621
119741133
119739890
119736841
119736292
119735271
119734791
119732348
119731149
119730854
119730726
119730652
119730509
119730359
119730304
119729803
119729449
119725301
119713635
119713578
119713526
119713469
119713352
119713291
119713188
119713140
119713115
119713076
119713013
119712857
119712791
119712755
119712724
119712677
119712597
119712550
119712489
119712411
119712273
119712243
119712161
119712063
119712022
119711793
119711744
119711604
119711560
119711464
119711411
119711319
119711202
119711162
119711128
119711042
119711005
119710970
119710946
119710904
119710868
119710802
119710760
119710724
119710698
119710657
119710606
119710552
119710500
119710465
119710430
119710400
119710376
119710343
119710314
119710287
119710231
119710189
119703225
119703130
119703098
119703060
119703016
119702905
119702831
119702602
119702515
119702455
119702402
119702307
119702254
119702217
119702170
119702105
119702046
119701999
119701961
119701903
119701851
119701763
119701689
119701655
119701624
119701562
119701500
119701439
119701386
119701241
119700975
119700065
119700006
119699978
119699926
119699805
119699773
119699747
119699713
119699654
119699516
119699465
119699393
119699201
119698790
119698569
119698435
119698398
119698265
119697757
119692303
119676169
119674981
119674908
119674266
119674109
119669520
119655886
119644680
119644057
119641298
119640419
119605278
119588329
119587633
119587514
119587358
119586153
119585712
119585377
119573107
119557688
119551368
119539641
119539305
119539021
119538343
119538058
119537655
119537348
119537151
119536934
119536537
119536494
119536179
119534960
119534603
119533169
119525576
119524161
119522333
119520478
119512599
119503574
119488755
119488333
119487530
119479506
119459246
119459155
119452166
119442656
119442247
119441417
119441199
119438448
119437867
119437558
119437333
119436803
119436127
119436052
119435956
119434800
119421160
119407182
119401909
119398851
119397885
119397320
119397255
119368406
119368287
119366804
119339948
119329162
119323739
119315073
119309358
119309291
119308743
119308524
119307935
119307537
119307311
119307195
119307010
119300084
119290514
119283122
119279274
119271154
119270111
119269594
119268135
119264486
119259295
119259179
119258518
119233200
119233160
119233049
119232945
119232572
119232543
119232499
119232451
119232407
119231992
119231966
119231851
119231697
119231679
119231640
119231561
119231536
119230948
119230930
119203066
119170529
119165268
119154447
119102587
119097890
119097798
119097781
119097770
119097699
119097610
119097514
119097424
119097332
119097175
119097088
119097011
119091997
119088073
119086509
119080176
119076338
119074460
119066296
119064748
119056346
119052491
119052344
119049653
119048907
119048803
119048655
119048492
119048092
119046861
119038305
119037421
119036873
119036463
119035884
119032863
119031285
119027346
119026602
119026374
119026198
119025957
119023748
119021613
119001890
118955616
118923712
118917839
118898394
118897660
118896415
118896199
118895208
118874296
118874272
118873761
118873493
118873294
118873169
118864905
118861789
118859933
118858323
118857805
118857150
118854556
118847398
118829517
118828815
118828396
118827973
118827715
118827652
118826936
118826547
118806452
118806148
118805166
118804179
118804066
118803937
118800072
118791114
118786953
118785698
118780763
118779932
118779763
118779702
118779659
118779595
118779431
118778911
118775700
118775398
118775285
118774665
118774556
118774252
118774243
118773829
118773771
118773668
118773365
118773331
118757383
118757142
118757011
118756881
118755448
118718170
118712025
118711934
118711568
118711519
118711413
118711388
118711233
118710711
118641406
118637512
118629927
118629041
118628608
118628044
118627465
118627148
118626835
118626794
118626673
118621153
118621016
118620836
118620634
118620473
118615635
118615190
118615123
118615069
118614668
118614020
118613975
118613504
118610818
118608278
118607779
118607616
118606303
118605708
118605632
118604909
118604781
118604029
118603999
118603974
118603859
118603832
118603745
118603521
118602883
118602579
118601492
118601200
118600985
118600198
118599520
118598693
118598154
118597826
118597184
118596441
118595188
118595136
118581152
118581057
118580937
118578710
118575959
118560547
118560355
118559494
118557966
118529076
118528980
118528848
118527635
118527364
118525609
118525408
118525333
118524131
118509433
118507860
118504890
118504749
118501563
118492733
118492694
118492541
118490099
118458168
118458087
118457519
118457133
118456989
118456880
118456815
118454787
118454736
118454648
118452470
118452399
118452317
118438694
118437848
118437186
118437130
118436906
118436527
118435893
118435679
118435675
118435631
118435602
118435567
118435468
118435373
118435318
118435155
118435131
118435063
118435054
118435004
118434972
118434959
118434945
118434624
118434528
118434281
118433983
118433534
118433490
118433477
118433382
118433251
118433214
118433162
118433044
118433017
118432879
118432850
118432806
118432684
118432601
118432604
118432542
118432405
118432320
118432116
118432050
118431694
118431552
118430911
118430752
118430695
118430199
118429631
118429591
118429348
118429326
118429158
118429136
118428653
118428189
118428129
118427031
118425441
118424957
118424860
118423766
118423515
118423463
118423406
118423350
118423107
118422981
118422942
118422160
118421962
118421847
118421663
118421288
118412163
118411265
118410286
118410230
118409515
118409073
118408964
118408689
118408395
118408350
118408310
118407538
118407003
118406827
118406691
118406646
118406073
118395033
118394218
118392648
118388811
118388319
118385699
118385565
118383842
118383214
118383146
118381821
118379488
118361461
118361317
118361235
118360895
118356977
118353905
118352498
118352073
118350129
118350047
118349651
118349621
118349580
118349546
118349506
118349473
118349447
118349420
118349377
118349010
118348199
118347988
118334889
118312847
118312168
118293110
118292470
118289521
118289420
118289353
118287043
118286965
118286947
118286918
118286560
118286535
118286449
118286425
118237383
118236477
118236244
118235054
118232939
118232832
118232258
118231456
118229912
118229725
118229630
118229419
118229388
118229376
118229225
118229079
118228869
118228862
118228406
118228383
118228102
118227573
118227220
118227163
118227069
118226230
118224866
118224418
118221457
118221117
118220291
118220153
118218879
118218829
118218552
118218166
118217768
118217291
118217187
118217107
118217030
118216980
118215581
118210893
118209760
118209489
118209340
118207391
118207045
118206822
118205289
118205248
118205064
118203833
118203802
118203761
118203586
118203513
118203211
118195456
118195060
118194840
118194497
118193685
118187725
118182835
118181264
118180127
118178230
118177768
118174689
118174212
118173840
118173672
118173537
118173133
118171070
118171061
118167734
118167680
118166330
118166129
118165934
118165701
118165560
118165470
118164499
118145595
118145475
118145303
118144735
118144640
118144580
118144018
118143723
118143545
118143326
118143159
118142815
118138425
118135717
118135681
118135627
118122704
118121718
118121637
118121617
118120920
118111091
118110991
118110801
118110113
118109691
118109494
118109345
118109063
118108653
118108541
118108009
118106542
118106496
118106414
118106062
118088405
118088291
118085633
118068074
118067508
118067011
118066673
118066495
118065281
118065040
118063347
118062325
118061982
118058863
118058418
118057962
118057146
118056717
118055519
118054777
118054582
118052544
118048235
118048172
118048136
118048045
118047638
118047560
118047463
118047211
118047043
118046860
118046322
118045927
118045837
118045787
118045492
118045406
118045361
118045188
118044944
118044510
118044397
118043782
118041419
118041123
118040706
118028255
118022229
117988847
117983548
117983416
117983391
117983328
117983293
117983239
117983213
117969671
117956996
117928509
117919881
117895491
117861696
117861074
117860865
117860663
117860458
117844686
117844401
117844277
117844202
117844113
117843745
117843695
117843451
117843373
117843175
117838366
117828267
117805895
117804475
117803383
117790998
117785690
117785566
117785517
117772056
117772011
117768663
117760866
117760720
117760240
117755724
117755437
117755069
117754556
117754402
117754074
117752934
117752757
117752347
117751959
117751386
117749525
117749079
117747861
117747164
117742739
117742568
117742030
117736965
117695916
117695791
117687348
117686167
117680942
117680231
117680041
117679909
117678897
117676773
117674919
117671374
117666625
117666058
117665968
117665944
117665804
117665583
117664222
117655839
117655746
117653655
117653582
117653523
117653425
117652381
117652279
117652230
117652170
117651914
117651466
117651371
117650381
117650358
117650334
117650101
117648870
117646586
117646325
117645496
117644511
117644394
117644262
117643655
117643589
117643575
117643401
117643030
117642671
117642425
117641777
117641715
117639463
117639033
117638898
117638263
117637318
117635802
117634635
117634551
117634467
117634364
117634100
117634015
117633973
117633210
117628377
117627781
117627728
117626655
117596559
117596366
117590848
117590688
117575323
117569643
117568274
117568124
117568014
117567924
117565587
117565556
117565337
117565149
117564904
117564857
117564816
117564715
117564651
117564558
117564459
117564357
117564330
117564279
117564220
117563969
117563945
117563893
117563789
117563670
117563619
117563112
117562631
117562539
117561641
117555893
117555540
117554292
117554059
117547144
117546915
117542450
117542252
117538914
117538859
117538729
117538642
117538085
117537966
117537892
117537524
117537410
117519468
117519447
117519386
117511613
117511524
117511442
117511406
117511340
117511277
117511223
117511215
117511173
117508112
117500912
117500901
117500241
117496052
117495411
117493388
117493060
117493038
117492798
117486513
117486460
117486346
117486270
117486217
117485907
117485848
117485793
117485739
117485678
117485596
117485517
117485462
117485410
117485350
117485289
117485220
117485151
117485084
117485017
117484955
117484892
117484824
117484748
117484119
117483600
117481550
117468589
117468303
117461834
117460881
117460464
117460195
117460066
117457888
117457775
117451723
117446309
117444591
117441718
117437147
117437018
117436965
117436902
117433796
117422489
117422333
117422329
117422232
117422129
117418086
117417809
117410760
117410659
117410497
117398184
117397927
117387558
117382863
117376396
117376107
117375772
117375599
117374901
117371579
117371526
117371394
117371328
117366443
117366390
117366339
117366207
117366108
117365436
117365207
117365186
117365159
117365118
117365075
117365036
117364806
117364764
117364738
117361860
117359830
117359788
117359687
117359023
117358731
117358722
117358553
117358258
117352791
117348676
117346121
117346025
117345942
117345032
117343714
117343552
117343504
117342565
117342196
117342025
117341926
117341713
117341603
117341512
117341440
117341359
117341348
117341252
117341181
117341123
117341052
117340925
117340777
117340694
117340547
117327095
117325769
117324599
117324582
117324446
117324388
117324175
117324154
117324142
117323857
117323749
117323714
117323687
117323665
117323624
117323595
117323148
117322758
117312752
117310082
117307931
117286706
117286548
117286474
117280689
117280311
117280176
117279641
117279031
117277549
117270391
117265536
117264654
117264371
117264215
117264100
117263573
117259049
117258240
117256233
117255407
117252985
117247654
117246568
117246228
117246057
117245863
117241117
117240360
117236304
117232166
117231600
117231491
117231157
117230898
117230836
117230760
117230419
117230399
117230358
117229031
117228832
117227589
117227512
117227486
117227411
117227310
117227019
117226808
117226007
117226000
117225692
117223568
117222392
117222069
117221510
117220234
117219897
117218791
117213236
117212678
117212298
117210893
117210567
117209878
117209050
117208337
117208062
117207837
117207667
117207281
117206709
117206336
117205780
117191187
117189879
117189502
117185740
117185693
117183670
117183169
117183109
117182072
117182069
117181714
117181534
117181474
117181290
117181175
117166968
117164390
117159939
117158553
117149695
117144643
117143429
117142856
117142760
117142162
117138725
117137205
117131074
117129756
117126987
117126832
117126654
117126406
