123271247
123270159
123258250
123247520
123180932
123179382
123168761
123167663
123166454
123166287
123133788
123125226
123123302
123122621
123101071
123082389
123068957
123025753
123013315
122992373
122990280
122990201
122990025
122989783
122972349
122972229
122961334
122961266
122961209
122956285
122956197
122956024
122955956
122955809
122955640
122955504
122950144
122950039
122949782
122949393
122944614
122944165
122923406
122914736
122914498
122914453
122914308
122911325
122899904
122899797
122899471
122897431
122896806
122896754
122896520
122896317
122895975
122895923
122895475
122895432
122895026
122894876
122894557
122894470
122894106
122894041
122893986
122893925
122893865
122871660
122843432
122843113
122842992
122842918
122842831
122842730
122842571
122842514
122842475
122842425
122842389
122842305
122842246
122842189
122842140
122842035
122841977
122841885
122841830
122841778
122841602
122841557
122841525
122841432
122841354
122841300
122841253
122841184
122840755
122840683
122840644
122840605
122840332
122840276
122840190
122839911
122839855
122839796
122839693
122839631
122839524
122839262
122838636
122838549
122836481
122835893
122835401
122819073
122760772
122760050
122759577
122757699
122757315
122756718
122756452
122756141
122754894
122754707
122752614
122752174
122751805
122751619
122751322
122751144
122750785
122750669
122750523
122750424
122750233
122750088
122749915
122749804
122749564
122748600
122748399
122748308
122747313
122716899
122716344
122715891
122693057
122663076
122661988
122644363
122642767
122641806
122640091
122640054
122624158
122576189
122575984
122545274
122545141
122545100
122545031
122544961
122544866
122544734
122544718
122544669
122544637
122544453
122544309
122544146
122544065
122543919
122543653
122533822
122533623
122533475
122533395
122533205
122504648
122493818
122493578
122483736
122482572
122470535
122470320
122469575
122467830
122467622
122467223
122465090
122465054
122433152
122433058
122432167
122431989
122431870
122431774
122431607
122431458
122430574
122411744
122406899
122406885
122406859
122406846
122406827
122406804
122406734
122403027
122402959
122400809
122392339
122374061
122366226
122366143
122366057
122365987
122365910
122365825
122365735
122365724
122365650
122365497
122365420
122365325
122365222
122365125
122365033
122364890
122364671
122364560
122364217
122364004
122363795
122363665
122363460
122363293
122344916
122343038
122341786
122334105
122333714
122333414
122333262
122331621
122331019
122327892
122326497
122325058
122324746
122324658
122324597
122324390
122323794
122322528
122322445
122322327
122320885
122320718
122319668
122319348
122319278
122319201
122318580
122317707
122317080
122316901
122316730
122315149
122314654
122313818
122312086
122306841
122288668
122264601
122261760
122261681
122261593
122242804
122242761
122242676
122233878
122227451
122227377
122158029
122156413
122154876
122154859
122154783
122154745
122154363
122154241
122154207
122154169
122154143
122154055
122153655
122153566
122153526
122153045
122152948
122152821
122152756
122152664
122152624
122152579
122152264
122152035
122151818
122151788
122151386
122151288
122151194
122151177
122151142
122151064
122150694
122150634
122150607
122150570
122150224
122149910
122149668
122149605
122149582
122148873
122148826
122148252
122148196
122147981
122146483
122142781
122142144
122136442
122136250
122135925
122128181
122124374
122122550
122122311
122122064
122120331
122119172
122117555
122117143
122116994
122116424
122116243
122115952
122115718
122113136
122112630
122098452
122092061
122081488
122072923
122069119
122068071
122067919
122066363
122064658
122061021
122060774
122060464
122060243
122059860
122059416
122059266
122058758
122058582
122058547
122058420
122058360
122058248
122058212
122058190
122058110
122057779
122057631
122057528
122057385
122057160
122056910
122056623
122056269
122055980
122055766
122055653
122055403
122055327
122055197
122055037
122054942
122054798
122054705
122054590
122048272
122048147
122047462
122047346
122047293
122047251
122047048
122046725
122043062
122039697
122031148
122031084
122030983
122030914
122030836
122027452
122022603
122006033
122005006
121964070
121960171
121960087
121959989
121959896
121959805
121959632
121959504
121959107
121958968
121958874
121957691
121957582
121957270
121957174
121957102
121957016
121956921
121956849
121956771
121956652
121956521
121956412
121956158
121955902
121955767
121955662
121953881
121953814
121953755
121953681
121953548
121953481
121953207
121952909
121942909
121941961
121929427
121929284
121928938
121928465
121927929
121927709
121925318
121922717
121922696
121922670
121922648
121922619
121922596
121922569
121922549
121922525
121922503
121922488
121922462
121922449
121922430
121922393
121922360
121922339
121922310
121922288
121922268
121922246
121922217
121922181
121922163
121922126
121922091
121922070
121922041
121922000
121921969
121921846
121921699
121910537
121910501
121910446
121910380
121910312
121910283
121910225
121910163
121909301
121907663
121907629
121907597
121907558
121907519
121907481
121907452
121907420
121907395
121907359
121907326
121907298
121907257
121907223
121907177
121907152
121907121
121907094
121907047
121907008
121906968
121906932
121906895
121906869
121906803
121906770
121906743
121906709
121906498
121902454
121902350
121901410
121900821
121898814
121890179
121890097
121889995
121889939
121889839
121889770
121889647
121881547
121880984
121876963
121876197
121874752
121871356
121870571
121870282
121868969
121868735
121867974
121867575
121865608
121861439
121861099
121859857
121859786
121859693
121856624
121856324
121856259
121855961
121855112
121855098
121854893
121854725
121854684
121854005
121853864
121853699
121853498
121853048
121852917
121852826
121852645
121852247
121852093
121849994
121839736
121838818
121819334
121815508
121810396
121810366
121810310
121810004
121772502
121723532
121706675
121688205
121683629
121680541
121680389
121680218
121680093
121662660
121644622
121633300
121632994
121629013
121628931
121628870
121628744
121628587
121628463
121628198
121628077
121628024
121627949
121627695
121627536
121627310
121626872
121619334
121619238
121619161
121617678
121617666
121617654
121617628
121617617
121617586
121617463
121617422
121617327
121617247
121616987
121613485
121613428
121613248
121611567
121607711
121601586
121538084
121537911
121484415
121473055
121471428
121467902
121465609
121461690
121461432
121460640
121460363
121460013
121459440
121459160
121458502
121453880
121451572
121451496
121451068
121450796
121450411
121450338
121450279
121449847
121443625
121438027
121428058
121424902
121420074
121419725
121394849
121381125
121376759
121376474
121376402
121371612
121371000
121362480
121362277
121337943
121301669
121299083
121297887
121297419
121297281
121297124
121296867
121287379
121251006
121247245
121242722
121239150
121233413
121224241
121210686
121207361
121203778
121197321
121190859
121190763
121171483
121171273
121167451
121140251
121139826
121133241
121133112
121132984
121132943
121132882
121132829
121132792
121132757
121132708
121132656
121132650
121132465
121132400
121132205
121131837
121131738
121131617
121131524
121131385
121129269
121118431
121113170
121088150
121088135
121085624
121079778
121078109
121056326
121055708
121055330
121055260
121055154
121055023
121054920
121054830
121054037
121051259
121050111
121043419
121043297
121043133
121042938
121042849
121041267
121041124
121036313
121034734
121026677
121024994
121024008
121018519
121001830
121001763
121001621
121001566
121001456
121001349
120998425
120998336
120994819
120981341
120974297
120974262
120974242
120974221
120973512
120973487
120973436
120973412
120973385
120973355
120973330
120973300
120972715
120972656
120968662
120968360
120968245
120968170
120966745
120966472
120966191
120965926
120965674
120965653
120965482
120965166
120964947
120964789
120964721
120964623
120964510
120964086
120960735
120960241
120959550
120959350
120956301
120956268
120956094
120956047
120955876
120954497
120954206
120954165
120953572
120953533
120953481
120953437
120953394
120953333
120953269
120953217
120953168
120953129
120953084
120953042
120953000
120952969
120952764
120950883
120948904
120948857
120948809
120948758
120948699
120948626
120948571
120948515
120948457
120948404
120948350
120948297
120948218
120948146
120948075
120948031
120947961
120947903
120947856
120947783
120947687
120947605
120947576
120947516
120947480
120947430
120947396
120947352
120947310
120947253
120947209
120947175
120944771
120940265
120940213
120940147
120940086
120939907
120939856
120939798
120939726
120939656
120939570
120939505
120939450
120939394
120939329
120939285
120939241
120939194
120939158
120939038
120938983
120938923
120938798
120938739
120938686
120938651
120936942
120936890
120936782
120936743
120936702
120936652
120936593
120936550
120936489
120933756
120933631
120933583
120933538
120933478
120933432
120932222
120931590
120931521
120931259
120928813
120928219
120928058
120927976
120927927
120927848
120927728
120927636
120927566
120924141
120922113
120921899
120920638
120920383
120919652
120919123
120919059
120918978
120918923
120918740
120918661
120918624
120918573
120918506
120918454
120918406
120918343
120918304
120918255
120918142
120918088
120918026
120917955
120917905
120917834
120917797
120917754
120917714
120917657
120917596
120917550
120917507
120917376
120917295
120917222
120917170
120917118
120917053
120916993
120916898
120916848
120916774
120916684
120916594
120916545
120916462
120916393
120916310
120916201
120916102
120916031
120915940
120915859
120915773
120915605
120915442
120915361
120915083
120914611
120905364
120904843
120902636
120902287
120901727
120901415
120900925
120895627
120882318
120880914
120880846
120877058
120876095
120860877
120853391
120820811
120811245
120811071
120810981
120803720
120791440
120779786
120772794
120766521
120766351
120766086
120763715
120763546
120763515
120762492
120749764
120742130
120742022
120741883
120741270
120735503
120734452
120732955
120730878
120720817
120720580
120720387
120719799
120719723
120719656
120719573
120718638
120718507
120718456
120718395
120718303
120718185
120718022
120717904
120717845
120717709
120717468
120717355
120717311
120717248
120717201
120717178
120717103
120717043
120716877
120716803
120716733
120716636
120716553
120716455
120716365
120710219
120708169
120707556
120703310
120703191
120702388
120702262
120702145
120702014
120701886
120701676
120701350
120701245
120701147
120700489
120700331
120700186
120700032
120700022
120699893
120699773
120699186
120699085
120699014
120698922
120698822
120698747
120698655
120698473
120698368
120698243
120698121
120697965
120697138
120696237
120696143
120696033
120695904
120695778
120695647
120695521
120695336
120695265
120695221
120695040
120694773
120694679
120694579
120694425
120694272
120694182
120694063
120693951
120693874
120693805
120693716
120693607
120693524
120693344
120693230
120693226
120693122
120693033
120692946
120692855
120692627
120692507
120692352
120692110
120691912
120691670
120691558
120691116
120677236
120677036
120676989
120671659
120671316
120671200
120671174
120671140
120671069
120671041
120670999
120670952
120670891
120670870
120670835
120670698
120670583
120670402
120670364
120670335
120670286
120669964
120669912
120669842
120669785
120668012
120667773
120666781
120666683
120666639
120663964
120663863
120659424
120659001
120657871
120655675
120655492
120650019
120645607
120645156
120645093
120644781
120644398
120644330
120638154
120638037
120637839
120637658
120637588
120633554
120633482
120633376
120633323
120633257
120633191
120633177
120632817
120632742
120632688
120632648
120632437
120632062
120631250
120630671
120630630
120626002
120625791
120625577
120607451
120607243
120607212
120607185
120607146
120607126
120607094
120606739
120606490
120606466
120606301
120605090
120590995
120590955
120576724
120576653
120576618
120576560
120576515
120576476
120576438
120576385
120574718
120560874
120560793
120551332
120550968
120550807
120550796
120550403
120550332
120550135
120549958
120549451
120545122
120544323
120543556
120542829
120542170
120538227
120526273
120525594
120525494
120525248
120525079
120524998
120524932
120524842
120524725
120524706
120524375
120524359
120524297
120524193
120524157
120524057
120523992
120523969
120523917
120523829
120523795
120523725
120523699
120523661
120523618
120523584
120523572
120523152
120522770
120522616
120522132
120522100
120522093
120522071
120521893
120521844
120521808
120521765
120521676
120519574
120519481
120518312
120517953
120517844
120517623
120517403
120517144
120517020
120516886
120516669
120516499
120516374
120516289
120514865
120514136
120513495
120499581
120488916
120483059
120478041
120477944
120475501
120475008
120474898
120474089
120473811
120473622
120473507
120473242
120471200
120469553
120469479
120469343
120469257
120469200
120469128
120468957
120468853
120468652
120468537
120468427
120468364
120468280
120468222
120467976
120467887
120467813
120467743
120467655
120462787
120462683
120462168
120461118
120461038
120460880
120460813
120460752
120454434
120454381
120454290
120454204
120454045
120453870
120453782
120448279
120443756
120443701
120443578
120441160
120440876
120440844
120440808
120440757
120440700
120440646
120440612
120440575
120440547
120440503
120440258
120440218
120440183
120440162
120440110
120440094
120440066
120439972
120439964
120439901
120439817
120439570
120439497
120439421
120439295
120438940
120438758
120438699
120438630
120438575
120438521
120438454
120438412
120438344
120438293
120437952
120437891
120437816
120437773
120436812
120436673
120435073
120435050
120435000
120434936
120434901
120434854
120434796
120434746
120434714
120434666
120434623
120434597
120434280
120433922
120433840
120433755
120433646
120433068
120432981
120432982
120432886
120432767
120432664
120431892
120430927
120430621
120427935
120427810
120427644
120427591
120427427
120427349
120427350
120427252
120427172
120427076
120426970
120426905
120426855
120422797
120422516
120422513
120420585
120420433
120420393
120420342
120419629
120417656
120417189
120416881
120416760
120416705
120416502
120416197
120416028
120415872
120415805
120415707
120415499
120412251
120412182
120412142
120412106
120412052
120411980
120411939
120411875
120411766
120410048
120408614
120408453
120408263
120408208
120408102
120407924
120407717
120407521
120407414
120407219
120407067
120406948
120406787
120406646
120406503
120406306
120406209
120406068
120405968
120405712
120405420
120405050
120404075
120403268
120403092
120402940
120402752
120402531
120402514
120402459
120402405
120402280
120401968
120401895
120400901
120400466
120399616
120398921
120398397
120391078
120390347
120390110
120389803
120386287
120385876
120382310
120381825
120381705
120381285
120381005
120380996
120380785
120380734
120380460
120380412
120380360
120380330
120380118
120379891
120379663
120379571
120379349
120379254
120379009
120378911
120378806
120378741
120378474
120378269
120378252
120378017
120377852
120377676
120377460
120377195
120377056
120376814
120376469
120376435
120376242
120376068
120376044
120375696
120375259
120375111
120374871
120374611
120374418
120374306
120374235
120374093
120373860
120373665
120373011
120372992
120372968
120372923
120372500
120371069
120368359
120368256
120368229
120368171
120368099
120368048
120367988
120367887
120367854
120367804
120367805
120367770
120367706
120367672
120367567
120367536
120367359
120367279
120367251
120367122
120367096
120367065
120367029
120366972
120366963
120366690
120366608
120366565
120366442
120366154
120366090
120366052
120366029
120366010
120365980
120365982
120365951
120365928
120365910
120365908
120365875
120365846
120365795
120365715
120365672
120365650
120365617
120365591
120365569
120365563
120365414
120365314
120365205
120364890
120364882
120364838
120364828
120364768
120364703
120364680
120364636
120364604
120364583
120364584
120364541
120364337
120364150
120362639
120361990
120361383
120355890
120352079
120351909
120351845
120300324
120300147
120300009
120299583
120299211
120298601
120297528
120296228
120295742
120293503
120291353
120291150
120291083
120290255
120290020
120286610
120279954
120276602
120266533
120261848
120260427
120256692
120255349
120254210
120254184
120254132
120254084
120254069
120254025
120254000
120253992
120253976
120253575
120250988
120250485
120250327
120250034
120248915
120248817
120248668
120246243
120235034
120233830
120229736
120229700
120229648
120229571
120229537
120229499
120229465
120229424
120228302
120224979
120219611
120219403
120219334
120218386
120217814
120217801
120217514
120217451
120217388
120217322
120217263
120216314
120216196
120213947
120213767
120213649
120213536
120213267
120213116
120212802
120212534
120212507
120212476
120212462
120212428
120212388
120212367
120212357
120212343
120212310
120212279
120212239
120212217
120212177
120212156
120212113
120212058
120212026
120212000
120211910
120211772
120211641
120211589
120211544
120211502
120211469
120211432
120211406
120211367
120211327
120211287
120211236
120211205
120211197
120211172
120211175
120210730
120210690
120210667
120210641
120210604
120210589
120210577
120210552
120210539
120210526
120210435
120210392
120210354
120210347
120210320
120210290
120210252
120210168
120210147
120210096
120210055
120210010
120209968
120209928
120209890
120209833
120209754
120209755
120209722
120209659
120209620
120209558
120208203
120207985
120207964
120207888
120207746
120207729
120207695
120207661
120207565
120207557
120207555
120207212
120205970
120204756
120204256
120203869
120203144
120203106
120203060
120203047
120203012
120202962
120202880
120202828
120202729
120202677
120202628
120202569
120202566
120202531
120202206
120201245
120195916
120194952
120194119
120194071
120194020
120193727
120193675
120193620
120193529
120193469
120193370
120190684
120190629
120190547
120190482
120190432
120190346
120190283
120190195
120190120
120190041
120189950
120189889
120189679
120189641
120189184
120188825
120188641
120188037
120187819
120187536
120187427
120187269
120187188
120187103
120187012
120186955
120186887
120186791
120186722
120186660
120186599
120186447
120185303
120185151
120184717
120184191
120184020
120183859
120183609
120183225
120183056
120182877
120182766
120182535
120182456
120182352
120177518
120172878
120170291
120168900
120167905
120167337
120167221
120166763
120165498
120164828
120164573
120163836
120163517
120163248
120163007
120162614
120162367
120161489
120161290
120161079
120160904
120160723
120160420
120159774
120159226
120158842
120157762
120157180
120156959
120156124
120142499
120141290
120140942
120140782
120138763
120138134
120136781
120134622
120134289
120132068
120129573
120125206
