10895827
10891116
10891017
10867037
10864003
10863974
10863898
10862242
10846254
10845871
10821362
10821357
10811392
10811113
10810484
10810463
10810441
10806774
10779011
10778321
10778132
10777624
10766244
10766152
10765813
10765788
10749210
10749125
10748208
10748168
10748082
10748015
10746661
10746599
10746246
10746163
10746019
10737331
10726788
10714238
10704873
10704843
10703781
10703553
10703523
10699223
10693255
10692619
10690597
10687730
10683180
10683158
10683055
10682234
10674431
10674409
10674351
10673076
10661828
10659747
10656266
10652497
10649673
10649422
10646213
10646206
10646192
10643117
10643000
10642965
10639082
10638416
10632733
10632712
10632663
10632624
10632540
10632510
10632472
10632043
10631887
10631792
10631468
10631440
10630543
10629774
10626860
10625122
10622225
10622206
10621819
10621286
10621255
10621241
10621210
10621201
10621193
10621179
10621158
10621105
10621054
10620971
10620956
10619822
10619336
10619036
10618829
10618719
10618693
10618540
10618501
10618461
10616867
10616195
10616057
10615597
10615579
10615324
10615070
10615014
10614827
10614683
10614497
10613680
10613566
10613516
10611110
10609874
10609753
10607529
10607226
10607205
10607178
10607095
10607053
10606986
10606925
10606905
10606857
10606804
10606781
10606756
10606092
10605917
10605784
10605774
10605549
10605080
10604910
10603789
10603764
10602573
10602553
10602523
10602402
10602312
10602304
10602282
10601967
10601949
10601905
10601088
10601061
10600841
10597451
10597022
10596866
10596532
10596164
10596086
10595885
10595858
10595831
10595805
10595256
10595126
10594948
10594913
10594894
10594844
10594829
10594819
10594729
10594655
10594577
10594568
10594554
10594503
10594467
10594457
10594451
10594319
10594218
10594207
10594135
10594114
10593763
10593718
10593389
10593211
10593145
10593075
10593049
10593018
10592949
10592938
10592904
10592900
10592826
10592769
10592287
10592026
10592000
10591843
10591742
