131827784
131822776
131822642
131822536
131822200
131822083
131821961
131821854
131815737
131815706
131815626
131797188
131785282
131772204
131771120
131770054
131769886
131769344
131769209
131763573
131759103
131756958
131756085
131756082
131755873
131755558
131755247
131755300
131751123
131748822
131738513
131737204
131734277
131733183
131732816
131732606
131732374
131732164
131731987
131731797
131731605
131731472
131731180
131726504
131726303
131726213
131725432
131723029
131722739
131721171
131715697
131711342
131708634
131707739
131705622
131698069
131697985
131695278
131694438
131693756
131692737
131687643
131687405
131687198
131686838
131686575
131686390
131685407
131684972
131684535
131684110
131679081
131672046
131669670
131669067
131669021
131668900
131668629
131664358
131662666
131661657
131660678
131660599
131660462
131660294
131659843
131659401
131659332
131659315
131659087
131659062
131652034
131649273
131648072
131647975
131647727
131647586
131647248
131647138
131647061
131646871
131646814
131646693
131645297
131643668
131642873
131642806
131635396
131634516
131634131
131630967
131625613
131625269
131625172
131625194
131624678
131622141
131621466
131615375
131610017
131609983
131609873
131609703
131609411
131609069
131608866
131608225
131607959
131607854
131607507
131607490
131607461
131607441
131607405
131607174
131607075
131600217
131594698
131593978
131593952
131593920
131593856
131592067
131591881
131591720
131591675
131591560
131591489
131590251
131552217
131546912
131541469
131540692
131540329
131540266
131538852
131527112
131525621
131524528
131524314
131524155
131523856
131523299
131522074
131521930
131521678
131521275
131520883
131519175
131519110
131519030
131518831
131518153
131518030
131517221
131514251
131508972
131508768
131508602
131508342
131508372
131508024
131507810
131507729
131507604
131507021
131506749
131506528
131506171
131504531
131503309
131499092
131498874
131498746
131498804
131497901
131496797
131496665
131496502
131496361
131496191
131496064
131495883
131495503
131494890
131493332
131493101
131493009
131490478
131490284
131490165
131489996
131489874
131489746
131489620
131489283
131489133
131489075
131489023
131488973
131488916
131488827
131488758
131488662
131481692
131479177
131471817
131458601
131444896
131444700
131444691
131444408
131444444
131444428
131444366
131444388
131444345
131444328
131444304
131444192
131443975
131443955
131443947
131443906
131443891
131443875
131443850
131443823
131443771
131443659
131443537
131443433
131443126
131443046
131442794
131442667
131442528
131442162
131442047
131441835
131432647
131432342
131432195
131430602
131426346
131422850
131421201
131419454
131419313
131419216
131419071
131415696
131414913
131413624
131412292
131412043
131411919
131410520
131401698
131401530
131398446
131397483
131396563
131396486
131394810
131394805
131394693
131394527
131394387
131394270
131394183
131393943
131393859
131393805
131393684
131393702
131393562
131391426
131390909
131389374
131389279
131387984
131381684
131379044
131376890
131376866
131376766
131374093
131374061
131373459
131370152
131370082
131369937
131369235
131368985
131368959
131368946
131368921
131368872
131368826
131368800
131368770
131368743
131368705
131368662
131368607
131368516
131368254
131367136
131366954
131366871
131366845
131365315
131364112
131340014
131339704
131339557
131336831
131336753
131336689
131336605
131336514
131336436
131336368
131336257
131325389
131318288
131317839
131317878
131317791
131317759
131317725
131317679
131317627
131317585
131317533
131317412
131317353
131313526
131312979
131312919
131312754
131312682
131312592
131312492
131312438
131312385
131312323
131311857
131304960
131301140
131297246
131290147
131289149
131288411
131283842
131280088
131280032
131279038
131277533
131276009
131275926
131275874
131275793
131275699
131275634
131275532
131275497
131275469
131275348
131275392
131275244
131274735
131274686
131274580
131274503
131274334
131274246
131274186
131274137
131274051
131273990
131273920
131273866
131273824
131273430
131271592
131271300
131270760
131270564
131270481
131267660
131253996
131253807
131248436
131248046
131246177
131245799
131245058
131244092
131242703
131240791
131240609
131240473
131240301
131240128
131239945
131239670
131239454
131239275
131239037
131238668
131237455
131237352
131236965
131225744
131225557
131225232
131225010
131221178
131214297
131209544
131209131
131203818
131203705
131202293
131201050
131192703
131175568
131173510
131173338
131163977
131162816
131155282
131151730
131151434
131150829
131149803
131149395
131145420
131145174
131143931
131140932
131140037
131139255
131138810
131138725
131138590
131138458
131137894
131137710
131131372
131130569
131129688
131129621
131129559
131128429
131123737
131120387
131120181
131120004
131115325
131113382
131108237
131106891
131099696
131099665
131099420
131098796
131091051
131083756
131081860
131081816
131081793
131081769
131081727
131079790
131079720
131065634
131065299
131065147
131059902
131053899
131043417
131042274
131041872
131040365
131037777
131037625
131037514
131037374
131037043
131036907
131036238
131034012
131033459
131030281
131028785
131027610
131027539
131027296
131027222
131020209
131001805
130990630
130990406
130985792
130983855
130983393
130983203
130982952
130982756
130980822
130979865
130978581
130977852
130976182
130970958
130970370
130964868
130950707
130947139
130946703
130945868
130945286
130944999
130944850
130944551
130944408
130944185
130944003
130942484
130942021
130941596
130940761
130935265
130935209
130935109
130935014
130934080
130934009
130933907
130933845
130933228
130933152
130932870
130932697
130931964
130931720
130931619
130931493
130931357
130930960
130929957
130929342
130928542
130926529
130926391
130926289
130926147
130924768
130912037
130912003
130911907
130911950
130911851
130911816
130911760
130911427
130908038
130907709
130902071
130898510
130894870
130891435
130891329
130891147
130890772
130890024
130889882
130887759
130885313
130881697
130881509
130870540
130863037
130857934
130856923
130856356
130855197
130854742
130854005
130850437
130847724
130847506
130846162
130845647
130845547
130845444
130845292
130842522
130841539
130841177
130830431
130827351
130826840
130818377
130805916
130791715
130785306
130783723
130783125
130783111
130783095
130783079
130781034
130780279
130779318
130779298
130779285
130779275
130779199
130777118
130776646
130775819
130775210
130761192
130754706
130754048
130752628
130752477
130752541
130752427
130752321
130752245
130752152
130752049
130751977
130751904
130751511
130748489
130748165
130741730
130739268
130736353
130724497
130723560
130723372
130720159
130715282
130713523
130712657
130707498
130706306
130706188
130705120
130704508
130703907
130703669
130703193
130695738
130687292
130686829
130686250
130685934
130683907
130681269
130676531
130675611
130675187
130674970
130674873
130671571
130669400
130666596
130664631
130661310
130660784
130660614
130655127
130653129
130650539
130644055
130642298
130638313
130638092
130637917
130637783
130637414
130636664
130636527
130635757
130635547
130635395
130635227
130635055
130634257
130620298
130618258
130609484
130609307
130609279
130609068
130609059
130608982
130608756
130606890
130605529
130600018
130599784
130598952
130598742
130594997
130593005
130591973
130591833
130591773
130591721
130591689
130585831
130585807
130584000
130583939
130583861
130583680
130582499
130582451
130582366
130582290
130582210
130582106
130579010
130577607
130577531
130577263
130575823
130575274
130574966
130574604
130571943
130564490
130564399
130564317
130564223
130564125
130564136
130564089
130564039
130564037
130563980
130563923
130563854
130563784
130563702
130563618
130563538
130563482
130563319
130563268
130563226
130563134
130563073
130563004
130562932
130562471
130562426
130562318
130562236
130562181
130562120
130562051
130561841
130561827
130561758
130561609
130561533
130561382
130561310
130561230
130561169
130561094
130561045
130560959
130560897
130560769
130560714
130560691
130560626
130560550
130560369
130560143
130560077
130559980
130559920
130559876
130559839
130559808
130559664
130559654
130559600
130559514
130559434
130559420
130559303
130559225
130559226
130559160
130559101
130559087
130559069
130559031
130558950
130558952
130558761
130558668
130558576
130558405
130558182
130557174
130557026
130556919
130556847
130556363
130554703
130554585
130554462
130554312
130553988
130553744
130553627
130553579
130553473
130553226
130553018
130552873
130552799
130552793
130552440
130552292
130552000
130551837
130551188
130550679
130549566
130547241
130546440
130546089
130546073
130545996
130545869
130545583
130545526
130543925
130543842
130543428
130538672
130537526
130537131
130536125
130535829
130534663
130534593
130533654
130533607
130533569
130533519
130533464
130531421
130527879
130523265
130521853
130510889
130506242
130505437
130505362
130505207
130498991
130498904
130498745
130498703
130498621
130498517
130498492
130498449
130498356
130498306
130498257
130498210
130498165
130498100
130497820
130497726
130497649
130496278
130492518
130490623
130490308
130487727
130486340
130485481
130485062
130478640
130478349
130478208
130477741
130477235
130476692
130476045
130475931
130475792
130475607
130475457
130475337
130475010
130474295
130473486
130472881
130470241
130469451
130469129
130468722
130468474
130448068
130447484
130446020
130442888
130441935
130441746
130439623
130439554
130439470
130438327
130438236
130436717
130435539
130434046
130431982
130431363
130428774
130428018
130427577
130424895
130416982
130416915
130416865
130410586
130409031
130404878
130404364
130404306
130402407
130402287
130402154
130401981
130400731
130400152
130399007
130390020
130389312
130389259
130388930
130385716
130385626
130385527
130385188
130385127
130385067
130385100
130385044
130384978
130384996
130384874
130384766
130384730
130384562
130384532
130384427
130384227
130384105
130384057
130383922
130383821
130383605
130383425
130383339
130383194
130383093
130382988
130382959
130380218
130375359
130375043
130372832
130370180
130369499
130369398
130369293
130369151
130367282
130367145
130367037
130366359
130366151
130364944
130364334
130363663
130363508
130362842
130361273
130360061
130360021
130359775
130356593
130353647
130351467
130350137
130349393
130348197
130347354
130347222
130345414
130345337
130345285
130345213
130344826
130344327
130344247
130343237
130341032
130340944
130339727
130339633
130339580
130339513
130339495
130339462
130339441
130339403
130339356
130339318
130339276
130339162
130339031
130338900
130338794
130338711
130338377
130338173
130338002
130337601
130337210
130336710
130336578
130335987
130333362
130332945
130331999
130331925
130330939
130330964
130330897
130330864
130330833
130330804
130330771
130330735
130330703
130330631
130330546
130330347
130328098
130327864
130327648
130327415
130325837
130325797
130325182
130323494
130323469
130323112
130322566
130321460
130321266
130317781
130317671
130317407
130317068
130316957
130316421
130313093
130313016
130312456
130312252
130311986
130310038
130309846
130308014
130307511
130305923
130305887
130305804
130304473
130302314
130302234
130298087
130297988
130294192
130294128
130290367
130290098
130289563
130285011
130284706
130284662
130277275
130274847
130274752
130265477
130265380
130264273
130263461
130260075
130259876
130257766
130252311
130250459
130250104
130249903
130249424
130247682
130242488
130238653
130238415
130238215
130238060
130237467
130234973
130234275
130232526
130232096
130223533
130220564
130220219
130218990
130218860
130218812
130218582
130218070
130217875
130217640
130217553
130217345
130217208
130217156
130216967
130216902
130216175
130215961
130215825
130215803
130215659
130215501
130215387
130215233
130214735
130214666
130214487
130214277
130214254
130213981
130213853
130213771
130213413
130213176
130213103
130212983
130212640
130212268
130211840
130211211
130210115
130208774
130202597
130202245
130200747
130199416
130198222
130197362
130196908
130196848
130196797
130196646
130196554
130196493
130196404
130195706
130194627
130193592
130190959
130190952
130190317
130190194
130190020
130189153
130189079
130188923
130188571
130188309
130188203
130188106
130186079
130186002
130185960
130185916
130185860
130185387
130182898
130182797
130182742
130182717
130182613
130182307
130182319
130182290
130182257
130182204
130182232
130182174
130182137
130182100
130182063
130182049
130182039
130182021
130181949
130181973
130181825
130181736
130181480
130181502
130181455
130181425
130181093
130181134
130181028
130181002
130180944
130180904
130180867
130180840
130180818
130180794
130180769
130180714
130180661
130180629
130180561
130180539
130180497
130180519
130180440
130180463
130180417
130180388
130180260
130180271
130180237
130180216
130180180
130180159
130180110
130180132
130180076
130180058
130179965
130179921
130176373
130176296
130175185
130174520
130174265
130174189
130174025
130174019
130173812
130173805
130173604
130173520
130173350
130173347
130173136
130173152
130173141
130173014
130172964
130172935
130172803
130172596
130172465
130172438
130172184
130172083
130171843
130171353
130171087
130170939
130170767
130170561
130169395
130168468
130167386
130165666
130164607
130164374
130164025
130163964
130163872
130163802
130163462
130163217
130163146
130163124
130162928
130162825
130162772
130162727
130162587
130162369
130161889
130161714
130161505
130161480
130161236
130161041
130160994
130160858
130159696
130159582
130159494
130159442
130159374
130159349
130159306
130159296
130159238
130159202
130159149
130159142
130158926
130158804
130158745
130158692
130157651
130157567
130157550
130157447
130157448
130157350
130157279
130157090
130156995
130156767
130156688
130156620
130156536
130156428
130156308
130156248
130156065
130155876
130155823
130155765
130155664
130155411
130155235
130155113
130155038
130154996
130154967
130154827
130154820
130154786
130154709
130154673
130154650
130154627
130154598
130154619
130154574
130154552
130154498
130154455
130154425
130154292
130154207
130154201
130154192
130154092
130154002
130154015
130153956
130153927
130153954
130153843
130153821
130153788
130153691
130153708
130153654
130153602
130153499
130153482
130153296
130153247
130153262
130153245
130153041
130152921
130152864
130152868
130150616
130148789
130147382
130147329
130147192
130147163
130147080
130146686
130146647
130145697
130145665
130145597
130145503
130145463
130145359
130145327
130145247
130145222
130145117
130145048
130145005
130144942
130143856
130143806
130143739
130143579
130143261
130142206
130141462
130140291
130140201
130139853
130139293
130139172
130139068
130138957
130138845
130138833
130138734
130136880
130136196
130134770
130134280
130132549
130131176
130130496
130129229
130127345
130125906
130122696
130121831
130121616
130121486
130121147
130120725
130118413
130118382
130114504
130112560
130109343
130105510
130104853
130100725
130099584
130098729
130097693
130097284
130097132
130097032
130096906
130096841
130096496
130096372
130096310
130096304
130096183
130096021
130095876
130095397
130094067
130093668
130093111
130092684
