135455752
135451676
135435988
135428318
135425822
135425747
135414349
135381335
135377701
135376866
135376531
135366820
135366391
135366275
135366156
135366024
135365891
135365681
135365580
135365406
135365248
135365098
135365029
135364890
135364793
135364694
135364464
135364365
135364173
135364035
135363878
135363365
135363198
135362608
135362565
135362508
135362472
135362443
135362425
135362395
135362374
135362328
135362301
135362200
135361871
135361760
135361669
135361495
135361481
135361440
135361361
135361046
135360614
135360425
135360353
135360284
135360115
135360000
135359920
135359785
135359734
135359525
135359412
135359352
135349576
135346637
135346040
135345938
135345884
135345754
135345651
135345633
135345508
135345466
135344783
135344637
135344005
135343497
135341346
135340046
135333133
135328074
135321696
135321115
135320758
135320658
135318482
135315397
135310163
135309000
135308262
135308009
135297399
135295978
135293690
135283529
135283395
135283002
135282921
135282911
135282855
135282772
135282764
135282644
135282509
135282306
135282235
135282170
135282141
135282032
135281905
135281764
135281670
135281581
135281479
135279863
135278521
135270528
135252231
135243307
135241888
135238995
135238920
135225952
135225794
135225603
135224712
135223179
135222918
135222784
135222691
135222634
135221559
135221537
135221518
135221491
135221477
135221444
135221264
135221203
135221174
135220980
135220638
135220354
135220314
135220236
135220189
135220002
135219983
135219972
135219929
135216357
135216315
135216165
135216084
135215868
135212578
135212539
135203817
135183694
135156688
135156017
135152921
135149841
135149482
135140570
135140499
135140404
135140253
135140046
135139862
135139475
135139363
135139263
135134109
135131095
135130906
135130671
135119044
135118073
135117806
135117554
135117313
135116989
135116821
135116679
135116395
135116204
135115997
135103565
135078267
135077584
135073800
135065744
135065618
135060269
135058535
135058016
135055212
135048595
135048253
135042168
135032150
135031228
135031114
135030957
135030483
135030091
135014190
135014096
135009754
135008186
135003514
135001415
135000358
134998616
134998533
134998467
134998356
134998118
134997845
134997776
134997660
134997607
134997553
134997500
134997261
134996208
134996139
134995966
134995787
134989249
134984703
134984636
134984570
134984558
134984507
134984463
134984420
134984410
134984394
134984379
134984361
134984345
134984331
134984313
134984290
134984263
134984177
134984166
134984155
134984142
134984048
134984041
134984033
134984022
134984015
134983919
134983887
134983854
134983757
134973010
134972995
134972973
134930054
134929932
134929798
134928012
134927888
134926620
134926362
134926163
134925859
134925825
134925608
134920145
134919770
134919383
134919044
134918461
134917961
134917639
134917446
134917117
134911617
134911147
134910173
134909965
134906856
134906781
134906696
134906616
134906554
134906481
134906377
134906302
134906125
134906020
134905043
134904950
134904463
134904373
134904137
134903734
134903197
134903167
134903110
134903038
134903006
134902961
134902907
134902876
134902843
134902657
134902626
134902568
134902512
134902454
134902184
134902105
134902010
134901946
134901833
134901391
134901252
134901041
134900826
134900690
134900479
134900154
134900121
134900046
134899964
134899857
134899657
134899357
134899203
134899182
134898956
134898646
134898573
134898491
134898326
134898216
134898126
134897998
134897904
134897817
134897688
134897562
134897478
134897394
134897247
134886890
134886462
134880390
134880154
134880127
134880007
134879950
134879900
134879852
134879779
134879688
134879602
134879547
134879448
134879350
134879245
134879133
134879032
134878925
134878891
134878855
134878834
134878699
134878653
134878611
134878595
134878564
134878539
134878511
134878494
134878275
134878242
134878167
134878134
134878075
134878021
134877986
134877928
134877907
134877824
134877610
134877565
134877426
134877348
134877286
134877194
134877135
134877083
134877040
134877014
134876998
134876973
134876911
134876851
134876637
134876500
134876253
134876183
134875853
134874056
134873461
134866598
134857485
134857347
134857168
134857060
134856930
134856896
134856711
134856461
134856275
134856132
134855913
134855794
134855423
134854510
134854150
134853798
134853492
134851650
134843999
134843888
134843768
134824216
134824090
134824060
134823961
134823798
134823501
134809343
134807749
134807591
134805750
134805499
134805175
134801507
134800966
134798498
134788419
134788370
134788330
134788263
134788204
134788068
134788005
134787868
134787608
134787576
134787478
134787334
134787287
134787267
134787027
134786949
134786919
134786657
134786311
134786144
134786101
134786001
134785843
134785739
134785638
134785510
134785367
134785318
134785034
134784950
134784832
134784792
134784672
134784610
134784315
134784272
134784171
134784110
134783756
134783654
134783544
134783425
134783160
134782858
134782823
134782705
134782339
134782242
134781985
134781920
134781923
134781819
134781532
134781471
134781440
134781083
134780984
134780882
134780814
134780745
134780329
134780208
134780000
134779944
134779884
134779798
134779670
134779588
134779514
134779437
134779308
134779238
134779054
134778870
134778777
134778688
134778612
134778575
134778397
134778241
134778178
134778071
134778000
134777832
134777746
134777666
134777534
134777282
134776697
134776664
134776632
134776598
134776496
134776317
134776123
134760588
134759986
134759744
134759420
134758934
134755588
134754394
134744105
134740288
134738982
134738516
134737785
134719359
134712311
134683520
134667982
134667627
134667362
134657406
134657033
134613431
134612808
134609946
134609796
134609604
134607755
134607431
134607001
134606715
134605615
134605084
134604891
134597357
134585210
134563774
134563403
134563339
134563284
134562938
134562919
134562826
134562701
134562586
134562509
134562467
134562427
134562248
134562197
134562116
134562076
134562009
134561877
134561842
134561749
134561713
134561657
134561628
134561570
134561514
134561471
134561389
134561305
134560552
134560490
134560439
134560323
134560268
134560214
134560041
134559751
134559640
134559526
134559190
134558686
134558641
134558587
134558522
134558439
134558376
134558301
134558220
134557811
134557542
134557420
134557347
134556970
134556341
134556088
134555938
134555683
134555367
134555137
134554800
134554525
134554126
134553297
134553205
134552996
134552737
134551939
134551573
134551361
134551258
134551187
134551125
134551063
134550880
134549894
134549767
134549694
134549211
134541997
134541955
134541910
134541486
134540736
134530401
134527463
134527414
134527365
134527310
134526936
134526882
134526846
134526577
134526491
134526417
134526374
134526339
134526316
134525874
134525799
134525705
134525674
134525490
134525465
134525459
134525429
134525389
134525091
134522772
134522399
134521772
134518860
134516427
134516229
134516128
134516068
134516019
134515944
134515806
134515654
134489731
134488722
134486692
134486571
134486484
134484113
134483891
134483767
134483662
134483499
134477704
134458031
134457877
134456652
134456609
134456247
134455968
134455639
134455473
134454599
134454445
134454310
134454015
134453933
134453767
134453468
134453246
134453148
134452680
134452575
134452413
134452269
134452163
134451959
134449459
134449188
134448628
134448345
134440574
134440268
134439974
134439732
134438514
134438226
134438142
134437993
134435917
134435850
134435799
134435752
134435709
134435661
134435620
134435187
134428991
134421317
134415334
134415099
134414823
134414606
134414332
134413782
134412056
134411555
134408935
134408114
134406199
134399857
134399749
134399694
134399675
134399038
134376316
134374910
134373963
134368445
134368313
134368239
134368097
134367979
134367888
134357724
134342261
134337779
134336833
134336360
134333480
134333098
134332794
134330882
134322936
134320578
134313946
134313859
134313544
134313363
134313014
134312921
134312883
134312855
134312772
134312726
134312393
134312341
134310726
134310172
134309699
134309603
134309525
134308531
134308372
134308292
134308206
134308158
134307816
134307792
134307454
134307374
134307321
134307247
134307182
134306789
134306771
134306691
134306656
134306626
134306590
134306565
134306548
134306477
134306450
134306320
134302726
134302380
134298824
134298292
134298194
134298025
134297786
134297639
134297023
134296870
134296384
134296281
134296216
134296066
134295839
134295793
134293698
134291179
134291151
134291080
134290992
134290899
134290802
134290723
134290630
134290353
134290250
134290212
134290161
134290075
134290035
134289958
134289899
134289859
134289813
134289753
134289741
134289721
134289603
134289578
134289543
134289406
134289374
134289342
134289304
134289167
134289126
134289108
134289017
134288980
134288759
134288490
134288415
134287331
134287303
134287256
134287028
134286982
134286891
134286835
134286768
134286738
134286685
134286587
134286556
134286500
134286469
134286440
134286410
134278823
134278289
134277958
134277632
134277437
134277232
134277216
134276299
134272098
134269854
134269300
134269177
134268668
134268448
134259983
134259232
134256039
134252049
134232382
134231327
134231227
134231049
134230901
134230719
134230576
134230479
134230413
134230335
134230167
134230011
134229914
134229802
134229532
134222476
134221317
134220684
134216990
134216973
134216953
134216944
134216927
134216804
134216679
134216504
134216488
134216469
134216123
134216006
134215796
134215509
134215233
134215132
134214582
134214370
134214134
134213931
134212751
134212632
134207435
134204250
134203199
134203044
134201074
134198448
134198373
134198258
134198155
134198086
134197992
134197925
134197864
134197780
134197708
134197659
134197186
134196992
134196929
134196799
134195665
134191257
134190193
134190155
134190115
134186922
134183106
134181133
134180327
134178821
134177113
134176863
134176713
134176564
134176324
134176230
134176138
134175921
134175512
134162733
134162545
134161031
134160971
134160920
134160610
134160548
134160240
134159992
134159816
134159732
134157285
134155938
134151687
134151615
134151538
134151470
134151352
134151181
134151111
134151016
134150916
134150873
134150805
134150691
134146726
134141763
134139204
134132588
134131139
134129400
134104436
134097217
134097020
134096794
134088090
134087909
134085100
134081714
134078275
134062216
134061375
134056756
134048637
134045396
134044752
134044482
134044066
134043836
134043305
134041856
134035348
134031089
134028814
134022243
134021856
134021728
134021073
134017030
134016588
134004074
133998379
133997982
133997560
133994979
133993352
133993225
133989585
133986296
133985604
133970372
133970261
133970142
133968517
133967927
133967827
133962929
133962775
133962650
133962457
133962323
133962163
133962034
133961827
133955355
133954332
133954240
133953556
133950659
133947443
133946997
133944539
133943284
133942058
133934253
133932122
133930987
133929934
133929838
133929721
133929174
133929043
133928983
133928894
133928870
133928076
133927699
133927671
133926873
133926583
133923125
133920194
133920121
133920000
133919845
133919781
133919562
133919424
133919141
133919159
133918870
133918556
133918567
133918222
133918053
133918002
133917948
133917645
133917594
133917589
133917065
133917041
133916865
133916590
133916431
133916367
133916203
133916219
133916192
133916171
133916179
133916134
133916135
133916103
133916118
133916029
133915912
133915928
133915900
133915867
133915848
133915889
133915879
133915853
133915828
133915763
133915623
133915594
133915608
133915615
133915568
133915401
133915331
133915288
133915193
133915163
133915202
133915143
133915178
133915147
133915113
133915129
133915093
133915016
133914933
133914036
133913946
133913795
133913740
133913245
133913076
133911158
133910186
133909945
133909681
133909426
133909204
133909088
133908769
133908581
133908396
133907741
133907701
133906792
133905952
133905789
133905689
133905576
133905436
133905389
133905139
133904904
133904868
133904696
133904537
133904316
133904223
133904110
133903948
133903852
133903790
133903688
133903471
133903307
133903003
133902965
133902208
133901988
133901859
133901759
133901702
133901596
133901392
133901213
133900849
133900555
133899322
133899228
133899035
133898940
133898880
133898868
133898791
133898647
133898568
133898494
133898422
133898349
133898224
133898215
133898144
133898068
133897998
133897938
133897929
133897862
133897867
133897821
133897763
133897741
133897657
133897609
133897542
133897457
133897397
133897411
133897318
133897268
133897139
133897099
133896880
133896676
133896616
133896540
133896488
133896421
133896268
133896122
133896019
133895891
133895820
133895739
133895461
133895336
133895201
133895084
133894952
133867175
133866666
133866539
133859238
133859101
133858784
133853122
133852941
133851326
133848758
133848651
133848483
133848356
133848213
133848162
133848092
133846408
133845416
133844491
133844236
133843902
133843636
133841338
133840944
133840721
133840571
133840208
133840098
133839832
133839292
133838889
133838710
133838649
133838256
133837832
133835327
133835072
133834870
133834713
133834420
133834065
133827115
133826688
133826123
133824636
133824003
133823506
133823315
133822858
133822783
133821907
133821972
133821743
133821605
133821532
133821427
133820349
133819770
133819429
133819127
133818745
133818556
133818021
133817893
133817522
133817620
133816803
133816503
133815722
133815498
133815033
133814977
133814913
133814804
133814810
133814755
133814531
133812657
133811569
133806642
133806057
133805929
133804193
133804089
133801229
133800828
133799693
133799674
133799585
133799615
133799491
133799547
133799484
133799514
133799464
133799417
133799448
133799334
133799398
133799309
133799228
133799235
133799266
133795488
133795368
133795179
133794536
133793433
133793354
133793211
133793139
133793047
133792970
133792874
133792767
133792659
133792507
133792377
133792073
133791947
133791577
133791377
133791186
133789984
133789705
133786538
133786589
133786503
133786377
133786305
133786196
133786131
133786090
133785887
133785929
133785830
133774559
133774148
133773969
133773923
133773864
133773814
133773753
133773689
133773617
133773541
133773484
133773427
133773350
133773286
133773221
133772553
133771821
133771011
133767235
133763316
133763158
133763003
133762710
133762391
133762004
133761569
133761242
133760952
133759437
133757702
133757553
133757336
133756759
133756696
133756623
133756468
133756266
133756127
133755849
133755365
133755236
133755147
133755073
133754982
133754948
133754864
133753955
133753860
133753803
133753759
133753640
133753523
133753122
133753077
133753000
133752954
133752741
133752407
133752385
133752266
133752135
133751936
133751624
133751484
133751242
133750919
133750753
133750698
133750602
133750556
133749621
133749493
133748226
133748076
133747946
133747798
133747722
133745024
133743641
133742336
133741916
133741628
133740962
133726556
133726117
133725577
133725305
133707219
