194919560
194852272
194838366
194837868
194799833
194788999
194732856
194652772
194617795
194484095
194434047
194432230
194431963
194399790
194398285
194203958
194203880
194203736
194203205
194201619
194029465
194029094
193846472
193844113
193842187
193689902
193645101
193562173
193559187
193558885
193534459
193522291
193407514
192923329
192922961
192855751
192615182
192600085
192580321
192571512
192547346
192494710
192349501
192343107
192336942
192328541
192246287
192216608
192008699
192001942
191996271
191935583
191655768
191652594
191366564
191043332
191041133
190959549
190942684
190628470
190509627
190509345
189954017
189953448
189909992
189909841
189909182
189908956
189785753
189262098
189179394
189178622
189030265
189016085
188570111
187549884
187280394
187273059
185894651
185894365
185438355
185430548
185425081
185424738
185283138
185266011
185261657
185259198
185054280
185013554
184978849
184966242
184807863
184728424
184723676
184671181
184507395
184479664
184104012
184094565
184023240
184014312
183901890
183793568
183660364
183633009
183600506
183599699
183598968
183515783
183515715
183515030
183514972
183514531
183475590
183474901
183300390
183299517
183151148
183115103
183062812
183061662
183061492
183028236
182999335
182748412
182640857
182506122
182278326
182169248
182166239
182103003
182032853
181970111
181912154
181910539
181709274
181702383
181518623
181186850
181183546
181096674
181047637
181009025
181008331
180937706
180799066
180778819
180767028
180518697
180516363
180515534
180514269
180227726
180044991
179788056
179602149
179597405
179520888
179506445
179494127
179492150
179486444
179477712
179472743
179464340
179464047
179440855
179429422
179425302
179092074
179091709
179091398
179090936
179090398
179069825
179043052
178853293
178852584
178792659
178328177
178308680
178142181
178141197
177703902
177587114
177494000
177161240
177069143
177053781
177051777
177028175
177028009
177027819
177027413
176977280
176909868
176665524
176656551
176614619
176181620
175860927
175852872
175637614
175587148
175585964
175545603
175345058
175344802
175260618
174722579
174683341
174619946
174338628
174338169
174337766
174337521
174336968
174336710
174336472
174336177
174335543
174334995
174334536
174334229
174333910
174331694
174331128
174330253
174329782
174329150
174328300
174233916
174195510
174018989
173935022
173643109
173606108
173583802
173447798
173443413
173358677
172906692
172906663
172701904
172655566
172655271
172655082
172654875
172654164
172555336
172554270
172080920
