168821565
168802307
168801941
168801618
168801237
168800689
168800076
168770885
168746927
168745046
168742306
168739934
168737996
168672448
168628869
168575077
168574983
168574861
168574762
168574653
168574522
168454991
168392501
168391829
168391775
168391739
168391687
168391667
168391595
168391562
168391525
168286877
168286719
168286497
168286334
168285610
168285473
168285012
168284563
168284458
168284211
168283817
168283648
168283125
168282901
168280278
168279907
168279345
168278485
168277623
168277352
168276690
168276094
168275745
168275716
168275534
168275301
168275188
168274499
168273308
168272572
168272147
168271960
168271680
168271584
168271200
168270667
168270345
168269431
168269190
168269053
168268860
168268763
168217340
168217196
168217107
168217025
168216922
168216796
168216691
168216601
168216498
168216413
168216306
168216186
168216117
168216039
168215974
168215889
168215794
168215706
168215509
168164465
168161200
168160880
168160647
168160448
168160297
168160076
168159967
168159834
168159503
168159068
168158768
168158556
168158372
168158077
168157845
168157749
168157688
168157584
168157410
168125970
168075941
168075653
168047742
168046442
168046164
167956677
167956551
167956483
167956402
167956313
167956191
167956059
167955936
167955861
167955431
167768134
167768041
167767960
167767888
167767826
167767742
167758023
167757921
167757754
167755991
167754345
167752157
167752073
167751423
167750987
167750682
167750197
167749961
167749397
167749274
167749184
167748606
167748269
167748073
167747958
167747131
167746450
167746218
167745532
167744782
167744647
167743883
167697622
167697397
167697137
167695688
167695332
167695126
167694923
167694247
167693835
167689634
167684704
167680076
167674535
167670612
167668502
167666048
167623501
167623373
167623022
167622874
167622684
167602493
167600312
167599609
167599284
167594208
167592251
167570830
167570554
167566637
167566246
167566042
167565819
167565624
167564316
167563758
167563554
167563334
167562960
167558990
167522821
167522677
167522507
167522322
167522123
167521956
167521700
167521558
167521278
167510342
167510144
167509920
167509602
167509169
167508953
167508622
167508252
167508058
167507805
167507615
167507430
167507092
167502713
167502475
167502096
167501808
167501486
167501232
167499982
167499431
167499275
167498521
167498039
167497571
167497191
167496779
167496113
167495826
167495593
167495378
167493909
167493755
167493577
167493295
167492826
167492669
167492541
167492369
167491999
167491767
167491577
167491247
167488190
167487851
167487651
167487514
167487323
167487085
167486932
167486490
167486100
167485952
167485600
167485172
167484652
167483378
167483216
167482926
167482677
167482478
167482325
167482129
167481933
167481169
167480994
167480809
167480617
167480334
167480062
167479762
167479603
167479387
167479118
167478681
167478525
167478344
167478222
167478084
167477775
167477581
167477386
167477065
167476904
167476575
167476386
167476087
167475943
167475776
167475549
167475257
167475094
167474888
167474625
167287413
167286884
167286137
167244445
167242202
167241128
167239029
167238680
167237728
167237661
167235260
167235129
167233414
167233264
167233048
167233020
167232834
167232750
167232332
167231739
167227751
167223595
167164264
167164058
167163854
167163184
167162734
167158361
167094502
167079127
167078779
167077953
167038024
167037324
167036985
167036094
167035367
167035139
167034769
167034444
167033096
167032752
167032086
167031830
167031415
167031173
167030381
167030170
167029969
167029557
167028534
166953677
166953507
166953278
166782899
166781566
166781188
166780818
166780093
166779651
166779280
166778662
166777958
166776533
166770344
166769506
166768805
166767824
166767385
166766421
166758128
166757507
166756965
166755903
166755420
166753222
166752380
166751483
166750556
166749819
166740579
166739303
166739278
166738533
166738488
166738479
166738431
166738373
166738307
166738260
166738221
166738167
166738118
166738002
166737737
166734712
166730241
166729202
166719024
166718848
166718714
166718621
166718514
166718381
166718264
166718113
166717992
166717592
166717486
166717355
166717249
166717148
166716950
166716855
166716699
166716670
166673981
166671908
166569931
166545626
166545570
166545492
166545422
166545368
166545311
166545225
166545150
166545055
166544929
166544843
166544771
166544695
166544629
166544429
166544379
166544254
166544106
166544013
166543909
166543828
166543749
166543688
166543620
166543558
166543476
166543380
166543292
166543240
166543187
166543115
166542348
166542304
166542251
166542198
166542108
166542037
166541952
166541880
166541716
166541590
166541536
166541476
166541421
166538856
166538608
166538555
166538499
166538387
166538307
166538240
166538158
166538074
166537944
166537880
166537824
166537480
166537422
166537369
166537320
166537251
166537186
166537124
166537073
166537004
166536949
166536884
166536825
166536778
166536632
166528388
166523811
166520590
166514595
166506159
166506063
166505836
166505637
166505407
166505290
166505078
166504949
166504215
166470865
166467331
166441257
166440907
166440541
166440000
166268985
166268279
166267479
166266126
166265493
166264212
166263739
166262863
166261666
166261253
166260707
166260484
166259867
166259273
166222812
166221499
166212701
166209801
166209666
166209480
166207676
166198282
166198175
166197983
166197903
166197810
166197713
166197636
166197076
166196669
166194507
166194064
166193660
166193228
166193145
166192904
166192649
166192213
166191474
166188724
166188288
166188108
166187841
166187576
166187365
166179261
166179012
166178825
166178631
166178477
166178135
166178006
166177868
166177545
166177695
166177121
166176842
166176540
166176065
166175717
166175165
166174588
166111410
166111241
166110972
166073385
166073074
166072802
166072598
166072230
166071758
166071373
166070786
166049420
166049245
166048915
166048747
166048598
166016541
166016406
166016282
166016121
166015932
166015577
166015710
166015460
166015183
166015350
166014905
166014798
166014668
166014550
166014298
166014142
166014009
166013863
166013758
166013613
166013460
166013315
166013169
166013024
166012898
166012753
166012593
166008119
166008050
166007879
166007751
166006918
166006834
166007002
166006666
166006737
166006780
166005294
166004954
166004845
166004783
166004724
166004574
166004410
166004309
166003871
166003543
166003254
166003477
166003093
166002770
166002544
166002496
166002228
166002174
166002089
166001708
166001567
166001649
166001417
166001362
166001117
166000928
166000828
166000749
165999056
165998451
165994499
165949876
165917174
165857426
165856962
165857242
165855684
165855549
165855447
165855288
165855188
165855054
165854952
165854667
165818835
165818763
165818699
165818596
165818482
165818346
165818266
165818185
165818043
165802380
165800348
165800267
165798867
165797382
165790076
165789595
165786457
165786196
165773754
165769889
165767337
165708896
165669112
165643569
165625469
165544307
165543779
165543579
165543149
165542921
165542531
165542338
165542095
165534213
165520144
165517412
165513196
165513028
165512807
165512624
165509047
165508777
165507732
165505905
165484628
165341340
165340637
165340423
165340190
165338170
165337762
165335861
165335219
165334512
165300326
165299878
165299132
165297259
165292833
165289982
165278481
165278052
165277895
165277699
165277519
165277328
165277196
165277027
165276762
165276601
165276433
165276278
165276100
165275888
165275471
165275626
165275230
165274975
165274613
165274389
165274217
165269844
165256248
165256133
165255798
165255963
165241614
165175748
165100281
165097038
165093467
165093066
165092911
165084723
165078346
165038597
165037939
165038121
165037832
165037524
165037712
165037323
165036232
165035706
165035321
165010548
165010380
165010193
165010072
165009958
165009845
165009616
165009395
165009138
165008839
165004813
164988966
164986475
164985827
164816075
164793010
164793096
164792623
164792746
164792548
164792440
164792126
164792354
164792217
164792042
164791920
164791819
164791632
164791537
164791434
164791333
164791231
164791141
164791044
164790938
164790731
164790852
164787578
164787366
164786852
164786670
164786423
164740614
164740251
164740014
164689292
164673861
164644227
164640164
164639869
164638052
164637833
164637130
164636911
164636700
164636374
164633777
164616202
164577978
164577059
164473439
164473352
164473404
164473320
164473291
164473198
164473223
164473166
164473125
164473104
164473070
164473028
164472995
164472939
164472909
164472828
164472799
164472774
164472726
164472756
164472699
164472660
164472638
164472409
164342138
164328439
164328587
164315780
164315582
164192929
164142419
164082860
164082570
164082179
164081805
164081960
164081747
164081581
164081519
164081451
164081420
164081287
164081365
164081185
164081156
164080847
164080912
164080906
164080773
164080713
164080401
164078179
164078124
164078022
164078076
164077968
164077920
164077851
164077766
164077705
164077651
164077602
164077518
164077291
164077360
164077209
164077128
164076948
164077057
164076993
164076825
164076892
164076752
164076702
164059858
164057876
164057366
163982278
163982202
163981831
163981899
163981517
163981330
163981175
163981078
163890679
163889911
163874819
163833969
163833825
163833598
163833274
163824290
163822023
163822083
163821924
163821666
163808834
163804869
163786779
163786557
163786271
163784842
163784468
163689363
163689276
163689150
163689208
163688988
163689033
163688591
163688424
163679718
163679911
163678562
163678064
163677438
163623378
163609520
163609420
163609276
163605290
163604027
163600285
163599229
163586505
163586465
163586432
163585527
163585320
163585263
163585287
163585211
163585240
163585179
163585144
163585117
163585090
163585048
163585069
163585015
163582523
163582086
163582111
163582056
163582029
163582010
163581979
163581514
163581494
163581475
163509853
163509474
163476810
163476605
163476476
163476379
163476081
163476253
163476161
163473497
163464904
163462507
163461085
163460337
163459182
163458982
163457967
163455678
163418648
163406060
163393902
163378310
163364624
163352669
163351411
163349470
163349410
163349326
163349239
163348203
163348029
163348117
163347949
163347860
163347675
163347554
163347449
163347362
163347269
163347167
163342041
163340956
163340839
163340659
163340754
163340555
163340365
163340461
163340269
163340119
163339923
163339844
163339759
163339631
163339511
163339416
163337341
163337236
163337126
163336864
163337006
163336575
163327669
163304407
163284087
163284185
163284135
163283985
163284043
163283844
163283921
163283682
163197597
163197711
163197427
163192999
163192038
163188886
